Y Mean	X Center	Y Std	X Mean	Y Upper Quartile	Count	Y Lower Quartile	Y Median
3.8154996831087384	3.6216678344652173	0.6296775682234242	3.623409027336397	4.282067889619618	308	3.4705736565555374	3.8238801863327887
3.664707658703979	3.660883520739727	0.5598938628814669	3.6629095459558982	4.060169590119663	336	3.3053480822979115	3.6664357235439864
3.605848394563757	3.700099207014237	0.6746947462872099	3.7002637156022966	4.152517055200562	484	3.1578004872815653	3.653196745333294
3.6433873232833744	3.7393148932887468	0.5824308650294299	3.7399972225414255	4.039627554021802	716	3.2780955079855483	3.6430688185252516
3.715468655765001	3.778530579563257	0.5977227999888289	3.777470719733058	4.156762597566261	916	3.367170407306201	3.697317326272285
3.7616173335429814	3.8177462658377666	0.5956344018555978	3.818408794284329	4.192679034950666	1252	3.4206543686775994	3.767728418156035
3.7174156223312984	3.856961952112276	0.6319927657461585	3.857430134249912	4.1836926323374035	1568	3.3397280241637066	3.7378637189277315
3.6810021581153087	3.896177638386786	0.615456180218041	3.896635956934563	4.093803955465802	1968	3.2732739088734326	3.697942391053722
3.6543101343988447	3.9353933246612955	0.5900565233207836	3.9364163543208077	4.070606872748714	2184	3.2746063626266126	3.652265080369782
3.687937644965139	3.9746090109358057	0.5976640856045555	3.9752874163176446	4.081582851323118	2620	3.317543596542275	3.7167957317445284
3.6627466786318283	4.013824697210316	0.6286590873191485	4.014085194758943	4.120889239523593	3212	3.223149378380924	3.662899782477459
3.6667998760038363	4.053040383484825	0.6181743100473157	4.053599386766877	4.10042827651723	4196	3.278644010245449	3.6862750658288626
3.6629143400477293	4.092256069759335	0.6157682541301641	4.0939205775810805	4.113836273533304	5428	3.2465853244947875	3.6865495086293896
3.6634852135044182	4.131471756033845	0.6104436668964106	4.132284616001611	4.0953069791344126	7448	3.25252417989847	3.6825403583639713
3.6678992338689684	4.170687442308354	0.6131969803809005	4.172078955987949	4.1083072423242895	10832	3.257194627186102	3.6900362931002797
3.660598879910642	4.209903128582864	0.6102874636112312	4.210844221965977	4.094548645366984	16132	3.250143262860056	3.6833633066747904
3.646737637854179	4.249118814857374	0.6099862381411204	4.250356307440121	4.066760539861498	22400	3.2519252751693672	3.660591635746589
3.6395524181106746	4.288334501131884	0.6101553906082648	4.289041170370598	4.069837409199083	29556	3.2421425690800487	3.6557921073425286
3.6422808095677364	4.327550187406394	0.6091449322920612	4.32813751714813	4.063351105019834	34908	3.2377438595356653	3.65854006096339
3.6376393532873967	4.366765873680904	0.6103221354885164	4.3668332452092224	4.062853157133359	39112	3.2330668088914143	3.6474024778178533
3.6270104497346445	4.405981559955413	0.6035049524313674	4.406150226419042	4.044829757585806	41584	3.2185336638847137	3.6370042225516457
3.6306118057113093	4.445197246229924	0.604692124357139	4.445527097565583	4.047540400986734	43768	3.2304059470887116	3.641917922396976
3.62489657606881	4.4844129325044335	0.5942560737898095	4.484524269688773	4.039839194959249	44224	3.2343121066900897	3.6403683711363417
3.616299941783209	4.523628618778943	0.5943282073965619	4.523723956200791	4.027339298903824	44772	3.226391265616552	3.631529424682291
3.625382264164158	4.562844305053453	0.5966741887662363	4.562714412821252	4.0335279778708415	44552	3.237079445224772	3.6432579624983994
3.608462765584559	4.6020599913279625	0.5930519960889987	4.602172693449154	4.017165045586285	43980	3.2167971312244026	3.6236905435112727
3.6102420058684195	4.641275677602472	0.5901591802044601	4.6410808935803765	4.010730961142096	42828	3.2298464636956092	3.6258032567623677
3.6101111990708343	4.680491363876982	0.5864167664762039	4.679908381951969	4.010288385030296	37340	3.2363564165477996	3.6269695371970734
3.6117215283723936	4.7197070501514915	0.5800642043536993	4.7195183511871095	4.002736017523395	33328	3.227549329418951	3.62802837959661
3.6075582245783404	4.758922736426001	0.5759460758299384	4.759162762928455	3.9923180634551114	35320	3.2415410891247665	3.6180922564709337
3.6054875974568295	4.798138422700512	0.5669340931393594	4.798643686027818	3.983927059887864	41884	3.2478497660523327	3.6326864863916564
3.5896490458967163	4.837354108975021	0.5607717654170659	4.837339014485142	3.9536764403199456	44148	3.236177817675879	3.6061024856367836
3.6002862795408577	4.876569795249531	0.5476178792615308	4.877325620076906	3.9623073730181724	48628	3.259510414114554	3.6164810396081717
3.609706180930695	4.915785481524041	0.542764405991196	4.916106628842833	3.9606904199305424	56224	3.274632836830965	3.629484127733659
3.6132453524459978	4.955001167798551	0.5314463284266118	4.954855401180291	3.954779045206088	57884	3.289851528822079	3.629238450456766
3.6298949113300876	4.994216854073061	0.5138886133286463	4.994469248270221	3.9624114206455014	56324	3.320675476144412	3.651092084661233
3.628585916044101	5.033432540347571	0.5047570119515193	5.033835124508883	3.95237461606425	64348	3.329403354101176	3.64807404858199
3.645686859823558	5.07264822662208	0.4871747536302471	5.0723224935232505	3.95200978392238	65752	3.3602450685263743	3.665073729932161
3.669620554345752	5.11186391289659	0.4701782422546102	5.111541339996809	3.954965952275744	59484	3.3948971297100403	3.685857911308417
3.6965283790060486	5.1510795991711	0.4557233155126337	5.151052733829309	3.9807544545480056	56416	3.4354096407641217	3.7105156464014897
3.7394450267767265	5.190295285445609	0.4357576133805492	5.189602270405521	4.007444532036768	51384	3.486418722940039	3.7489520071840845
3.7671561524632766	5.229510971720119	0.42238812815283067	5.2289925301554785	4.0244493363331815	42772	3.5211295571905183	3.770107294985399
3.8207443404867885	5.268726657994629	0.40392106399637656	5.267732587437275	4.063227986513824	34292	3.5868045629315874	3.814176822339509
3.8674357746076233	5.307942344269139	0.39475440036690485	5.306452251386203	4.103336619022967	23200	3.6241481406334537	3.8614666485168403
3.9315539863862994	5.347158030543649	0.3645339185825435	5.3466720586548595	4.1523286811559625	16456	3.7043902801510984	3.9230012826522134
3.982942026330842	5.3863737168181585	0.34079003779135386	5.38576703506425	4.193617824066654	13700	3.7673943045036253	3.968002333107239
4.0015942041865324	5.425589403092668	0.3097084312841739	5.424378691699568	4.186033959482403	10040	3.8015646290377894	3.982263480979527
4.035165304340824	5.464805089367179	0.3147735481735596	5.463197099018937	4.221754104933446	5368	3.832693824575598	4.014282774489074
4.060476628452523	5.504020775641688	0.3185343500950106	5.500423605843878	4.233295756705909	2564	3.8719684375158523	4.050884332179483
4.10147460270683	5.543236461916198	0.3590751811550096	5.539343795572477	4.333219102592198	668	3.9064461899084546	4.107421560619981
4.087618657777675	5.582452148190708	0.31368489375344494	5.581449697267776	4.284049396708944	324	3.917340636847679	4.08478338170994
