X Mean	Y Mean	Y Lower Quartile	Y Std	Y Upper Quartile	X Center	Count	Y Median
nan	nan	nan	nan	nan	3.6216678344652173	0	nan
nan	nan	nan	nan	nan	3.660883520739727	0	nan
3.7007729861583774	0.2742761974957977	0.005128719522192486	0.26914747797360516	0.5434236754694028	3.700099207014237	512	0.2742761974957977
3.7507575150484396	0.5347711325936506	0.1624947763802964	0.47957069072790715	0.7707101968165474	3.7393148932887468	1024	0.39843384060319326
3.780827608655318	-0.07123789053840192	-0.38682946064650237	0.568239885329888	0.37920282297840574	3.778530579563257	3840	-0.20863766888527557
3.8186967420733557	-0.11597423728166183	-0.6799816898822888	0.718080969551714	0.4064353305801651	3.8177462658377666	3328	-0.09770475109657051
3.860250866516632	0.04813561312350409	-0.43282870685064045	0.5482768646347508	0.5164935691969395	3.856961952112276	6656	-0.03202779146832623
3.901800201754339	0.29197769094425624	-0.08807799622258015	0.6005792655838291	0.5404116990176995	3.896177638386786	7424	0.20363612024215832
3.935933128887156	-0.16449549729104518	-0.8002055144493765	0.6802661971813928	0.31638538817227335	3.9353933246612955	5632	-0.1761750342995809
3.9751687247688023	0.12388275399491035	-0.18510009081742068	0.5028246189688925	0.3980979171299649	3.9746090109358057	7168	0.08227043105507505
4.014933873829907	0.003513941820676512	-0.2645907710527777	0.5440332568417913	0.3754379919415029	4.013824697210316	11264	-0.04835143222604454
4.052853136649909	0.07138252484618239	-0.1782468434903915	0.49508855724708845	0.3863824983165953	4.053040383484825	14848	0.1582511834443472
4.09027101588129	-0.004771727146968292	-0.22857001015028822	0.42802330760271695	0.25571230258430655	4.092256069759335	13312	0.09108608830753043
4.13236308738612	-0.06858790749128997	-0.40998443832218534	0.5713774496322536	0.14833503174203422	4.131471756033845	17664	-0.028965102038512255
4.171711322522243	0.01914799610522291	-0.21054947869595075	0.41731888090222824	0.30523203737362037	4.170687442308354	23808	0.024976004483693047
4.211756968710671	0.06135124559512946	-0.1067496480893925	0.3493588256034465	0.2272208150839019	4.209903128582864	52224	0.05890513755007642
4.250499301186649	-0.019587944423636736	-0.18387183557373893	0.35979675093804747	0.17238063402082696	4.249118814857374	77568	0.005667994165192747
4.288827542659203	0.009694275783000346	-0.1511584745394065	0.35205556410817274	0.17606136599103822	4.288334501131884	88832	0.01732555750977304
4.3284580991176185	-0.0041513355287114495	-0.1411408269039671	0.29920130741013673	0.1536420180068006	4.327550187406394	107008	0.015880751380163784
4.366993635755808	0.007057573984619124	-0.12072455831798304	0.2742615807106448	0.136062035708306	4.366765873680904	101120	0.012829370215052802
4.406328161824731	-0.018540902567192482	-0.13029450625936087	0.264873004459547	0.11465696385107377	4.405981559955413	111360	0.013217551909306723
4.444511544799092	-0.003814702044354427	-0.0962829507694072	0.22516302183721454	0.10438416912941983	4.445197246229924	108032	0.01086148311203908
4.484075088822259	0.011601684518081093	-0.08995375047435557	0.2190114355542445	0.11733927294972889	4.4844129325044335	113664	0.02182566858945755
4.523685658368822	-0.02161592790901079	-0.11686931242990273	0.21636724782491132	0.08506654585041808	4.523628618778943	105216	-0.011914564012176958
4.562649212926216	-0.00792525977413631	-0.08273662910924705	0.1866502404278846	0.09156812948687731	4.562844305053453	104192	0.003374143400062014
4.602657979081379	-0.02072928809168234	-0.08267955751650652	0.16672766478770526	0.06385439464597542	4.6020599913279625	101376	-0.005986155225743636
4.641301073261187	0.00032288994827531193	-0.06861072177412716	0.13149718292510773	0.07176965823321164	4.641275677602472	91648	0.00604772333221737
4.678875566719177	-0.006923494288171796	-0.06177846656674028	0.10731426657752752	0.05567257587461589	4.680491363876982	72960	-0.0013046068481706373
4.7202566837397555	-0.007028810068391324	-0.05574049237791452	0.12441063226464369	0.05552580747829512	4.7197070501514915	62976	-0.001091897343993075
4.759743398981433	-0.0059262773831685765	-0.05036396679579402	0.08451895578835296	0.057826119792919024	4.758922736426001	58112	0.002325089293854942
4.80048838008981	-0.006747968583348959	-0.04688377435605997	0.07298596983774368	0.04094972857069923	4.798138422700512	69888	-0.009601573131940096
4.836221950704048	-0.006367362824051845	-0.05665367834841823	0.06889795369016488	0.03747199623922712	4.837354108975021	63232	-0.005906584698605509
4.876875296366141	0.0009879317129250617	-0.030534437755427305	0.06287227867789562	0.039695976079148154	4.876569795249531	69888	0.003180018962415691
4.915871976412496	0.0032571259288361656	-0.030232918618616992	0.05173028742233439	0.03535120254834827	4.915785481524041	78336	0.003247351208048416
4.955143152348629	-0.0016165723642521921	-0.03494571813540848	0.06982445230224887	0.02630220862965249	4.955001167798551	77568	-0.006203760011658662
4.993838203885944	0.008023707624449095	-0.023162253819454515	0.045484069706452974	0.03688921230958283	4.994216854073061	63744	0.007283610821806192
5.034231400421143	-0.0014029442234473322	-0.02520556453087909	0.03846811692011799	0.021859571383987777	5.033432540347571	85248	-0.00021463829131550803
5.073147535574576	-0.0011934746344559749	-0.02577139384308234	0.03736371651817511	0.02435896663322717	5.07264822662208	73216	-0.0015193213102446847
5.112166393726855	-0.0035922582091320893	-0.026672543490043953	0.03363208448722659	0.016674310550650908	5.11186391289659	64512	-0.0041322950450866265
5.1512995401031825	0.0002788610216913513	-0.02223109814617533	0.029072912508051	0.02044846171910565	5.1510795991711	62208	-0.0013769803040472623
5.189765954442551	-0.0009157973965568909	-0.02093718020192903	0.03359637418214043	0.017487242084922805	5.190295285445609	57344	0.0009953597248432732
5.2294852829914955	0.0009354850117401428	-0.018311667797537914	0.031284392857340866	0.023502059369040932	5.229510971720119	44800	-0.0002953001929592925
5.267437829161441	0.0013674940749435593	-0.020301608977782312	0.03651764616995297	0.020239124587190398	5.268726657994629	36608	0.0018495830101795817
5.3063825524436545	-0.0016752813186328354	-0.019920299363608528	0.02665161248198041	0.015435943629556333	5.307942344269139	24064	-0.0051101074893272055
5.346243839873902	-0.003265219159441245	-0.019484405708728225	0.028939694652222556	0.017145251595318066	5.347158030543649	15360	-0.0012282129033074488
5.385614752723256	0.00015293422108435817	-0.01580735021682945	0.028310124875358684	0.016857011917404807	5.3863737168181585	17920	0.003535773226055254
5.423833956746042	0.0020883373227642494	-0.013151272000335775	0.02416407019104469	0.021234129230642853	5.425589403092668	10752	0.0001621961406275501
5.461185791452191	-0.003685147912025205	-0.015002260710970512	0.02055324627471663	0.012900551402256813	5.464805089367179	4608	-0.006007180198678954
5.493528775136847	-0.00623343824454658	-0.020856419431601145	0.016824630360480347	-0.0009678547375245069	5.504020775641688	2560	-0.008065507279394278
5.538418649893524	0.008496852864268848	-0.0020757123259109505	0.020828872483284067	0.01597825754557563	5.543236461916198	1024	0.0054056923553958275
nan	nan	nan	nan	nan	5.582452148190708	0	nan
