Y Mean	Y Std	X Center	Count	Y Median	X Mean	Y Upper Quartile	Y Lower Quartile
2.136378318393023	579.1936786498716	3.6216678344652173	384	71.09295684520566	3.6205541039706954	555.0554861036253	-541.5987879077256
-375.81790456842396	1179.909335873072	3.660883520739727	832	-197.51752927638518	3.6658153517216996	399.63772235778197	-1472.9033994725323
154.51300662064702	1518.2937445550758	3.700099207014237	2240	6.976752471075088	3.7001795787589424	992.8344671859377	-631.29869696282
-100.20460543836049	1265.9972874960301	3.7393148932887468	4352	-142.46522508617863	3.7403873405235757	457.6037892343479	-544.6329065325649
44.58246157616911	1030.9586346163956	3.778530579563257	6784	57.93944980231345	3.7806736940576653	623.6405513097288	-509.7861560045985
34.88237265578244	1005.0367194235613	3.8177462658377666	7872	154.74414783977227	3.8181547373028746	682.6527007199838	-637.4883286977947
-181.46189720451667	1029.5667094131356	3.856961952112276	12096	-136.27696971191472	3.857925542453001	410.1104087851918	-604.0221088126636
-236.17936605623777	1134.7156249575964	3.896177638386786	13632	-22.15538252942133	3.8970784144168324	390.11521445377366	-652.4534049854319
-33.78777110899388	855.6294265264029	3.9353933246612955	14336	-62.116621079372635	3.9366050577801377	447.633751504271	-421.43329728228196
-22.50780183066474	860.0068954340295	3.9746090109358057	14976	39.11844131011458	3.9751229871389664	513.4071518777218	-526.599685444964
13.220876279110257	709.3113981718602	4.013824697210316	18304	39.53859559075772	4.015101118925219	402.0967723887916	-404.8002372327719
6.562878608212541	777.9439562728929	4.053040383484825	21312	5.130811139862999	4.052818091694266	398.49039712128524	-345.67290154818147
-9.444705108163797	619.0833478739952	4.092256069759335	22848	-1.29856686399944	4.092407201365792	321.0307428278875	-312.661353978001
48.127039010151606	586.9732457513751	4.131471756033845	22336	51.35842303640493	4.132476707302192	303.62342577889467	-233.93508512087465
-2.4564687923421986	451.68861921574626	4.170687442308354	35136	27.538353184243533	4.172331649329668	252.93794949277617	-278.8325028854306
6.10133819077359	364.098014121111	4.209903128582864	65216	20.44368379892876	4.211780728155574	212.0405051065536	-195.49229217024458
-14.56449793062535	367.44597683010693	4.249118814857374	90944	5.322237084094013	4.250423958790492	185.1320641588445	-182.4730545187058
-19.599222090547038	344.6787397350816	4.288334501131884	104320	-13.494440256856251	4.288799735453523	168.01098944676232	-188.80049793833405
-2.5039967897216795	263.5324146975366	4.327550187406394	121728	-0.6181639900778464	4.327964184848538	152.82145354451313	-161.98466422787988
-5.608236395787468	258.1980391198652	4.366765873680904	115008	0.689044592107166	4.366468736921401	142.08522165088834	-147.79777873046442
2.778902450464491	229.11309433840006	4.405981559955413	121152	14.633232060903538	4.405907610088832	144.0309281091695	-131.67299156850277
-0.7191634899812217	215.29071604488954	4.445197246229924	117568	4.076773074535595	4.445093824447969	127.0194949729921	-116.69886210286677
-4.0560720422979095	206.95570624230467	4.4844129325044335	112384	0.9563409591328309	4.484044902448852	110.15898564735517	-117.16800673266198
-4.50656790087847	191.94890460236752	4.523628618778943	113920	1.1309657867586793	4.52355086245035	109.53577189450766	-113.16514260747635
-4.465128444961246	187.02971748587612	4.562844305053453	104192	-2.3503332687696457	4.5623062429080194	109.09452539313452	-105.82571743272229
-6.96656333615132	170.83351356332284	4.6020599913279625	100096	-0.6912355230087996	4.601699147549522	93.79081870737264	-109.83659468692213
2.346584587483279	163.36055654430047	4.641275677602472	95872	6.654039965655102	4.641192341309353	98.20103133376506	-92.56598427613062
0.9307638943927282	164.47375158796063	4.680491363876982	71744	3.6808768338796654	4.679440709728816	102.16550828979234	-93.98367161761598
-2.7903697374509173	139.4789654354423	4.7197070501514915	60736	2.837956776129431	4.719530448923181	82.20620353267441	-86.62978933247541
-1.0265701325168486	136.84139439408008	4.758922736426001	60544	-3.226288097570432	4.758927460170534	85.81676809397868	-86.18885877657704
0.5424357504467504	118.83928936661401	4.798138422700512	70720	-4.434362482685174	4.799202207858253	77.26450521633706	-70.56901945383652
-4.784558949637158	118.42512432388676	4.837354108975021	65664	-3.960787880200769	4.836738990057253	67.64665239510214	-77.0029094317706
0.19734161942919906	111.7523912476183	4.876569795249531	68032	2.3113498584134504	4.877358564979665	65.68462616659781	-67.04763922765233
1.5801138433416861	107.64389529251005	4.915785481524041	78016	-0.7925906884102005	4.915284555675035	69.62048164246517	-63.780406377662075
1.3076726391279438	102.22497348364175	4.955001167798551	77696	0.6575283321071765	4.954746589689195	64.72033299994473	-55.0345236889807
-0.8392919514470023	104.58997449900772	4.994216854073061	65216	-0.8340415758048039	4.993885617061067	69.86732499411846	-65.44246046826083
-1.1246973282103148	112.2812109103122	5.033432540347571	81856	-2.8837073303238867	5.0339850670582225	58.460092587749386	-62.72925712221149
-0.1865174950548075	105.67449530603085	5.07264822662208	73728	1.878299150539533	5.072772185088094	63.3720870293555	-55.14761404589126
0.4580035858755278	88.95179072722927	5.11186391289659	65664	1.7752410564689853	5.110887295439114	57.78688619004606	-48.86442072560385
-1.306840219253495	90.49195705474558	5.1510795991711	62272	-1.939260064800692	5.151017258490176	51.16604708247178	-48.967982590183965
1.2960449457547139	87.00620070569704	5.190295285445609	54720	-1.2576526503034984	5.189418418486248	49.682409195836954	-44.64866651061129
-3.934262568546668	84.44626149780856	5.229510971720119	47168	-3.37605989308031	5.229230813838392	46.889247980618165	-51.197173279655544
-5.653294053664686	79.39782014842469	5.268726657994629	36032	-3.1411292130778747	5.268194645617089	42.58533367355449	-51.41273650551193
-4.637926004056784	77.48720820600974	5.307942344269139	23808	0.5156834092213103	5.306861782842278	38.534451392319625	-38.55006765693179
-3.726606909576488	106.97435363226711	5.347158030543649	17280	7.939752343823784	5.347237521172551	39.904126960518624	-33.35706570544244
-9.975959127065467	164.02259437212203	5.3863737168181585	14400	-0.7941421446776076	5.385103370688996	39.89016880655254	-40.25997072796417
-7.06681821806715	87.37031445740773	5.425589403092668	11136	2.1102474209028514	5.423859472938383	38.893881171890825	-44.53038106787426
5.7003247804054435	180.97025110952205	5.464805089367179	5440	14.578155633462302	5.462870131468538	40.92031253128516	-21.527805670828457
11.973858855678168	48.43020597281267	5.504020775641688	3136	6.807038936152821	5.503434452574398	33.62971784475121	-19.484714757640177
-9.60411552709613	44.13486722397699	5.543236461916198	576	-17.174695353438437	5.539665694405723	-6.622995254892885	-22.8323487935686
-21.866916144044353	79.61924224342098	5.582452148190708	256	1.901412076043016	5.5750154678579165	40.34939222953517	-60.31489629753651
