X Mean	Y Upper Quartile	Y Median	Y Mean	X Center	Y Lower Quartile	Count	Y Std
3.6223781630891687	12275.981670994852	10287.896160261907	10309.183924841676	3.6216678344652173	8324.337779197627	946	2561.7084282194387
3.661333483916745	12496.692093589318	10422.45613317428	10348.958391495367	3.660883520739727	8361.996545857246	1198	2600.187084361185
3.700796789665703	12532.407495240343	10612.613982328452	10462.508234735662	3.700099207014237	8383.547721192015	1468	2557.9290504584915
3.7398462922454545	12516.14429720773	10400.402897400025	10353.373127405896	3.7393148932887468	8258.90576377421	1808	2590.0294708404044
3.779326118906707	12517.326383992136	10412.922989667377	10393.79640036388	3.778530579563257	8384.904455334156	2238	2595.169022623485
3.8180243121407424	12243.105462482925	10201.065145579052	10207.724478231354	3.8177462658377666	8247.206370627417	2920	2535.1652884144473
3.857965231539714	12307.44630694195	10305.959574894994	10269.565510817507	3.856961952112276	8265.377496980112	3583	2562.3396885617344
3.896931915236822	12182.306628092727	10124.973505558612	10174.09324335823	3.896177638386786	8194.15730508353	4657	2525.450287706401
3.9360692469402108	12155.688111719839	10114.437304524552	10163.282867635497	3.9353933246612955	8230.935282008615	5737	2515.12226813487
3.9755127460760527	12011.572398662545	9989.640151174211	10082.71715903494	3.9746090109358057	8221.5581283581	7329	2467.5985095426204
4.014653518673304	11946.948756365664	9971.471472023788	10056.705098911489	4.013824697210316	8133.305119623799	9609	2479.666568537678
4.0540061910749365	11900.053960346837	9942.62423130545	10018.767310057963	4.053040383484825	8120.775794303339	12421	2456.8414708598116
4.093099876027303	11765.985888600508	9833.961745607656	9949.278278203752	4.092256069759335	8091.459497066405	16270	2427.790244079513
4.132489502280879	11582.759272337775	9706.25308997688	9844.893794459425	4.131471756033845	8053.803405577619	21826	2384.9040616819566
4.171586567385843	11467.019950981809	9611.194157639005	9765.083369663675	4.170687442308354	7988.068541504998	29009	2362.8860214361407
4.210779648430558	11272.176655699273	9502.182520659	9655.110757851984	4.209903128582864	7938.243326604435	38095	2297.7738703062505
4.249864598002716	11105.740887379943	9417.577140117568	9561.787152467094	4.249118814857374	7895.421958776704	49098	2258.4554307776734
4.2889077734773675	10980.193578384857	9342.335631831413	9481.156405852304	4.288334501131884	7843.741167222897	61046	2224.330303427301
4.328064589702008	10852.622184167994	9249.004699968043	9406.706352462199	4.327550187406394	7822.698738537242	72336	2173.7313713134113
4.36713474549474	10716.583555467718	9201.145442835756	9339.086341703409	4.366765873680904	7807.343474155288	82162	2121.3361877150855
4.406100957431709	10594.826465354396	9130.716714782793	9266.020181830254	4.405981559955413	7792.317702689443	88648	2065.9619858505694
4.445278453626761	10480.186572726408	9089.54193341568	9216.672119612966	4.445197246229924	7809.955177601999	92303	2005.5419514671974
4.48442860688255	10397.041183483017	9054.659904001455	9172.546433056561	4.4844129325044335	7795.875026301901	93895	1960.212616242027
4.523584785160434	10329.956659301106	9042.628807118956	9153.062719091571	4.523628618778943	7844.315706095384	93378	1905.2901836882984
4.562702208781052	10294.665616956006	9054.037520402388	9155.797728136213	4.562844305053453	7886.051754312553	91332	1865.5430933470686
4.601807886771147	10286.628182747936	9089.774868432238	9175.360315815085	4.6020599913279625	7952.618902331682	86702	1816.9055317968216
4.640948652828621	10273.769892014721	9128.040819748363	9196.124985676619	4.641275677602472	8024.567384228891	80140	1762.1737854885848
4.6800007801262105	10259.909554762078	9157.818492269616	9215.447796441595	4.680491363876982	8088.911455907349	70364	1724.3055059361382
4.719398429606427	10180.448943197414	9148.769046211803	9193.4655533814	4.7197070501514915	8143.174137084878	63067	1630.3710499472745
4.75902160687239	10132.131893862286	9167.682851046244	9196.819097213503	4.758922736426001	8209.858561253011	60673	1545.9344191668954
4.798338035063575	10117.004622615865	9201.73635779168	9218.454040161192	4.798138422700512	8303.37027807574	63765	1462.796870172575
4.837469592879745	10102.714984485112	9248.524198061672	9249.458057720272	4.837354108975021	8388.149238752056	66569	1387.409483653575
4.876799466518404	10097.311765184988	9281.00818342583	9276.050995383976	4.876569795249531	8472.796154208127	68898	1318.2443759034047
4.915944290479386	10114.29833534472	9336.420153725636	9328.32180117504	4.915785481524041	8554.733302218994	73613	1276.0764462716593
4.954902440571757	10132.176178796672	9364.574820003018	9364.373509634426	4.955001167798551	8614.902278960624	73210	1255.6150192011119
4.994240242659333	10160.903661483815	9402.816881959709	9397.52722812677	4.994216854073061	8660.94740203433	70908	1247.5966170613626
5.0335627446050575	10185.703152704558	9432.437681088782	9426.34938909868	5.033432540347571	8696.168644275152	74401	1230.624351126657
5.072410876889922	10167.080103363052	9447.18743320127	9441.216292826313	5.07264822662208	8744.172624110384	73672	1191.1421610973748
5.111513410944648	10186.514860396674	9480.72648402652	9480.96237316342	5.11186391289659	8810.950234654527	66535	1152.7953012335556
5.150947854114224	10197.564513932011	9517.294513682042	9525.556545598814	5.1510795991711	8880.852348441764	61369	1115.5582328512603
5.189711283929179	10213.583365619676	9537.530622049768	9561.731339401365	5.190295285445609	8930.41974382734	54518	1081.1362613978704
5.228941129232315	10290.876606603608	9606.897504045946	9636.260954857851	5.229510971720119	8986.939065765666	45571	1061.788875803524
5.267649734951417	10357.709014201304	9686.008263528043	9719.772076786754	5.268726657994629	9077.988804179988	35993	1042.4968967378543
5.3066181029354205	10492.216433650923	9810.404749617932	9860.575531729173	5.307942344269139	9201.375594504987	24918	1026.1006718900087
5.346425246250827	10675.045977184895	10043.205871413904	10079.280933200598	5.347158030543649	9429.24102884221	17447	1009.1353677300013
5.3856857976345465	10903.067083004902	10254.461876870791	10327.188442078685	5.3863737168181585	9691.64333878677	14325	998.4149337065893
5.4244499316076205	10937.259872209099	10330.278198888775	10401.897502239537	5.425589403092668	9806.57609648856	10155	967.6854519941256
5.462968550046616	10897.30416308896	10363.275970338555	10426.842261717906	5.464805089367179	9896.39347807872	5746	894.766770136512
5.500812293261211	10780.864428816316	10290.998029345807	10354.05885396765	5.504020775641688	9874.352254127156	2619	863.8383145752199
5.538880618486751	10628.963311717456	10165.8288964936	10249.755702850693	5.543236461916198	9813.145068042173	755	980.4997419991273
5.580140619797032	10609.13638305015	10103.436150735859	10181.243151759674	5.582452148190708	9565.998646846154	246	1351.1951575958678
