X Center	Y Lower Quartile	Y Mean	Y Median	Y Upper Quartile	Count	Y Std	X Mean
3.6216678344652173	nan	nan	nan	nan	0	nan	nan
3.660883520739727	565.6227997014121	565.6227997014121	565.6227997014121	565.6227997014121	256	0.0	3.6715834392377587
3.700099207014237	-217.84821475667104	735.5357344989201	1039.8554658232597	1384.5999524301715	768	688.6788832177672	3.7013115909441283
3.7393148932887468	-163.61645319346826	109.11459234471977	-102.3002655595119	1449.2262345000681	1792	2527.073383247425	3.7389202428320076
3.778530579563257	-171.31576105231397	-114.71132525465444	24.257150908091262	152.27389288652193	3584	633.5501158256038	3.78260877170101
3.8177462658377666	-275.3793682702217	-43.30759191114833	-131.05933420003112	42.3674658267264	2304	310.15784504672973	3.8207648678530313
3.856961952112276	-124.51851393737707	235.35961652047365	46.90377023844394	144.15522028101623	6400	836.4402463792612	3.8569674990487295
3.896177638386786	-161.4715364949102	-50.49355307356591	-46.01206216340324	33.48912016379404	6144	338.144520854886	3.897613556590055
3.9353933246612955	-85.71561135596471	85.80479437277148	11.089210985304817	89.40793098515746	4096	410.6045302802192	3.9334254605026615
3.9746090109358057	-38.87966513062747	287.33607399477404	36.72140375795561	393.4206813286337	7680	509.3430204940489	3.9760123859748706
4.013824697210316	-87.81083116182072	67.78008199517141	-21.19432800995537	119.79965146682662	10752	500.74256032507174	4.016115925241338
4.053040383484825	-106.83748930623096	-20.869584868669897	-43.038482447326714	35.383195142420846	15104	171.3104520329846	4.053946970878853
4.092256069759335	-71.78530936615994	3.4218062528675923	-4.7081834158557285	74.10060428826569	12288	140.3256792213778	4.092379680328318
4.131471756033845	-94.18355978664476	-21.698379713522943	-25.3323668549001	50.128755079994335	12032	135.9846771348028	4.131597137804975
4.170687442308354	-69.11612002112088	32.23550197604663	-1.4483182380035942	53.90660437141378	22272	255.7344968637779	4.170319794482973
4.209903128582864	-59.801208118726436	-38.162912049870975	-8.925129263019244	33.83724627204515	49152	498.9045242742531	4.211566688936009
4.249118814857374	-31.036683569218212	37.966385548855385	5.894699334767665	52.6233358810357	67584	157.83176111577066	4.250905116969353
4.288334501131884	-37.84436543191441	11.210957401265357	-6.196856914148611	36.65781466177759	80384	137.82624081963172	4.288111588780768
4.327550187406394	-34.17428360435679	13.459478889993065	0.2986275667662994	40.46515711363736	100864	127.9759777670244	4.32803722330232
4.366765873680904	-26.274618147124784	11.682405914231401	0.19804812110214698	30.45931443435802	96768	109.81577148991548	4.367008544049026
4.405981559955413	-33.63588427296054	5.13618346658893	-3.6641131062096974	24.36813618110773	105728	86.52441021256179	4.406686801949728
4.445197246229924	-29.055917966072002	8.16646883254116	2.178898427649983	28.318954755037794	107520	90.14995404746149	4.444731114707445
4.4844129325044335	-30.885108260297784	2.6574020258781252	-1.3117067682665038	23.848807065470737	109568	79.13708084174839	4.48459135124888
4.523628618778943	-24.324713866780257	4.880233607648226	1.4565322828429998	27.639076859479246	102144	53.05657402401046	4.524265484511767
4.562844305053453	-26.7459379766633	-1.7372389975114366	-2.5147291928301456	24.09131086878824	100864	45.27823172362038	4.5628718913734545
4.6020599913279625	-24.80692539420943	-0.896651939606707	-2.4253496044120766	20.75931456372564	100608	42.30748525505325	4.6022311057500405
4.641275677602472	-21.18655801261957	2.186179866026068	3.775533914593325	23.196216483747776	90880	32.7946137958575	4.64110831365857
4.680491363876982	-17.73485963234816	2.530303434643824	1.8662076231103129	20.455459624854484	76032	39.743745901896276	4.679622200365969
4.7197070501514915	-19.11767222798335	1.2330453051094448	2.36946212748353	19.77248458554095	59904	28.80301926467145	4.720840044374852
4.758922736426001	-17.78620169161809	1.4595311792745946	-0.5963325689681369	17.75067784442308	59392	46.008297871109896	4.759126334769953
4.798138422700512	-18.02116095722863	-0.7576362124786153	0.06267203373863595	15.087626577448418	70656	25.013099611216305	4.800738179754037
4.837354108975021	-14.405117969708954	1.0213634660037374	2.030132327359752	15.258737694251977	61952	25.574213810669633	4.83630875351989
4.876569795249531	-15.561602316083736	-1.694380596686039	0.590638912646682	14.14173491675183	70656	25.23858392100273	4.876917761093089
4.915785481524041	-13.160027854102736	0.9571725648507685	0.9670009258697974	16.067955798320327	77568	23.967072462957095	4.915739932340327
4.955001167798551	-17.016649823706757	-1.3985423436794546	-1.4111753547895205	14.661269506086683	79616	24.52020066312784	4.955206342748679
4.994216854073061	-13.799656951434372	-0.2106667077698428	-0.10556862753583118	12.115194931146107	63232	23.257855282311137	4.99475755663424
5.033432540347571	-15.3190852608368	-2.082816609650243	-1.5910737699241508	12.132848939414544	85504	21.016542118503818	5.0345949374458945
5.07264822662208	-15.259458147537316	-1.8535827652262475	-1.4191701967874906	13.10793835734421	72704	19.936175770911483	5.073685699520582
5.11186391289659	-17.195168512287637	-2.4377369570453484	-2.318255759980275	10.609955310836085	64000	23.95329632681236	5.112269349259162
5.1510795991711	-14.183102305500142	0.5102731442042449	0.19912357289649663	13.955260927312338	62208	23.31018172717633	5.1513987735383475
5.190295285445609	-13.03021412433327	0.3500175033970428	-1.9591216217768306	14.015285816333744	57344	23.272519029702796	5.189695535616196
5.229510971720119	-15.195510215731247	-5.079459412853461	-0.5522286197237918	13.813183430415393	44032	57.768915785447554	5.229349776206602
5.268726657994629	-20.0359351743773	-2.437251687785515	-2.5213144038443716	12.912603875836794	37120	26.0493522828759	5.266654630530422
5.307942344269139	-17.297891153786622	-2.032157043170896	-2.7829122373777864	11.556739078041574	24320	29.709824632369504	5.306465146132795
5.347158030543649	-23.424625757023023	-9.473402075161115	-7.253211616618501	7.036676284922578	15360	26.863062514162184	5.346277270849661
5.3863737168181585	-18.058398452511938	4.486746742388357	3.939369013385658	26.743104194815714	17408	31.06076707173285	5.384926333809967
5.425589403092668	-19.74593752692863	-6.083138884503445	-3.498559368254064	16.29289642503909	11264	36.83182444804715	5.4229752589384805
5.464805089367179	-21.403502299404863	-4.749750045319161	8.3865541173991	20.14254459469703	4608	50.58851964375317	5.460847305967252
5.504020775641688	-25.07538833576109	-5.733625147634484	-9.32873368982655	21.650735624869412	2560	21.57444291088757	5.493340429042512
5.543236461916198	2.505551370876219	17.25600802525105	13.948632196876133	28.699088851250963	1024	17.393281658949675	5.538814826405056
5.582452148190708	nan	nan	nan	nan	0	nan	nan
