Y Median	Y Upper Quartile	Y Lower Quartile	Count	X Mean	Y Std	X Center	Y Mean
nan	nan	nan	0	nan	nan	3.6216678344652173	nan
nan	nan	nan	0	nan	nan	3.660883520739727	nan
9033.745378442574	9429.093176190123	8638.397580695026	2048	3.7193073371004095	395.3477977475486	3.700099207014237	9033.745378442574
8659.819292728826	8730.341568448079	8587.24593441549	4096	3.7374506482682124	194.9059930634487	3.7393148932887468	8657.768210134742
8444.577077622305	8486.701219756042	8322.007358018214	5120	3.77279245065437	334.8881308020747	3.778530579563257	8419.154781341704
8927.09822273919	9189.316940184905	8705.345676459709	12288	3.810998006699142	794.2582047836363	3.8177462658377666	8890.851715988198
8578.997020132312	9379.764084974888	8556.476537006709	9216	3.856320518327002	505.6390467836074	3.856961952112276	8845.679060487408
8933.607440136811	9063.343226440777	8506.940299100119	17408	3.8974697277365378	375.284857529981	3.896177638386786	8834.977875481429
8965.045261927615	9265.913993969922	8458.84455621728	16384	3.932914390262511	572.5995124628353	3.9353933246612955	8849.35281571668
8754.07903693828	8934.869768831324	8629.095557799925	13312	3.9755958963480627	358.4787676228017	3.9746090109358057	8804.148157251486
8876.806310436063	9261.793691942357	8698.818335215343	18432	4.018515582442611	410.00414080861816	4.013824697210316	8918.805124065899
8981.563310262689	9080.285736380494	8671.747806335314	25600	4.051699672366844	347.5994777302408	4.053040383484825	8925.415696774728
8702.892542604524	8962.433350552577	8477.247620252509	19456	4.094292791015042	289.1355713348274	4.092256069759335	8724.976962947241
8889.575902320305	9126.907075919846	8733.709927570726	21504	4.1348844840412236	379.7215889532267	4.131471756033845	8906.12141351735
8830.985976113932	8927.299752432378	8662.766146768416	33792	4.1707801250506265	237.78284292058567	4.170687442308354	8815.96075364628
8720.295167143488	8822.975207938003	8483.46912858508	66560	4.212701907697817	327.2146545742139	4.209903128582864	8617.56765190865
8781.057559175599	8919.360224883352	8438.893401697898	92160	4.250587258703415	395.4071950798341	4.249118814857374	8645.00740560324
8721.62332861517	8940.281886184743	8288.554955830661	93184	4.287128299254381	396.25629909528817	4.288334501131884	8622.597885802114
8553.192727165791	8917.154100942269	8151.864423206704	131072	4.326263375472436	426.84575461157317	4.327550187406394	8546.595631445074
8629.348191185674	8867.587089858509	8212.613308851274	122880	4.365976901810628	393.9999765671796	4.366765873680904	8589.573337448954
8735.100417167596	8902.17801416449	8340.778516868979	116736	4.4067214853911665	352.4755125272038	4.405981559955413	8624.913387325538
8764.423509684035	8951.771630746249	8389.713790976974	114688	4.4428508135146725	342.680599670441	4.445197246229924	8676.131153420358
8664.48589508251	8936.885792057072	8363.74535314485	115712	4.483519870123702	354.17181393301377	4.4844129325044335	8656.624108705206
8828.941803905962	9010.304446377422	8579.383962216894	109568	4.524907084994212	345.91257249155774	4.523628618778943	8772.168293035493
8862.382674740104	9049.708244952522	8635.201710532712	112640	4.561389437694418	340.8443657502756	4.562844305053453	8829.778695922118
8913.917453449914	9082.881496337843	8757.540293460766	94208	4.6004113527131585	276.1869483437902	4.6020599913279625	8891.70617794062
9006.363777073302	9116.753478691366	8832.038217392155	100352	4.638793408324936	230.204046039343	4.641275677602472	8974.76195351995
8972.78713111103	9170.137370168382	8869.937257698362	66560	4.67753864608519	278.4980585748672	4.680491363876982	9000.129090681121
9108.849891034408	9221.447093068817	8977.695997558254	65536	4.719109440911668	228.01790516001162	4.7197070501514915	9094.59115271437
9177.153555620618	9276.715546071227	9026.34624923053	64512	4.757855580228821	250.3076957907757	4.758922736426001	9125.7107860071
9161.555425976423	9258.272527783933	9045.293320275105	65536	4.79873528777511	236.5701138827547	4.798138422700512	9131.688195408275
9271.308355514957	9371.573329982446	9120.33748878314	64512	4.837416650117477	184.93800815321993	4.837354108975021	9251.894653591433
9280.52293154408	9418.805572370457	9140.643067823581	75776	4.876755727395468	263.74406383013826	4.876569795249531	9247.242697666967
9327.965478395274	9483.772260080481	9238.651936727641	78848	4.917291400774467	185.32297715243806	4.915785481524041	9348.082618612227
9380.190130492036	9531.68022858022	9187.839538059918	70656	4.953891635636772	263.7654746473323	4.955001167798551	9377.662801944394
9444.399806012882	9659.927509196676	9170.763768881954	63488	4.993743358869567	311.96481931763594	4.994216854073061	9446.040188454743
9409.518207103436	9613.646180494994	9195.566227456995	87040	5.03391317655598	286.722664227406	5.033432540347571	9435.918670508276
9466.646208064289	9657.894528957155	9190.978366654335	68608	5.073630704639015	358.3007268801966	5.07264822662208	9470.327951977913
9476.166345727524	9668.832131880861	9220.332409571629	73728	5.109901753010184	460.64448718331266	5.11186391289659	9531.055668328272
9566.746249264539	9747.036912366155	9205.79262002574	66560	5.152211062119163	436.2364952970648	5.1510795991711	9547.746900842329
9664.464840781506	9864.477498737373	9280.43521244717	53248	5.191825060546691	483.4610753033734	5.190295285445609	9662.452983295745
9717.530717037505	9851.09171279778	9446.341245856147	49152	5.2306235699623	483.59807687246604	5.229510971720119	9709.739888282593
9852.292547344057	10156.648939969458	9629.455919392447	33792	5.265425899589623	561.7789602594881	5.268726657994629	9846.683496040954
9970.167810151725	10395.70741419309	9717.674226588548	28672	5.310443591158722	598.9275357995584	5.307942344269139	10076.261444322286
10000.063876477336	10659.63676099384	9923.172369889759	8192	5.356122726793623	574.2387795056995	5.347158030543649	10295.399295623334
10606.734075008346	11145.990459801296	10019.051020303232	21504	5.3844406709733565	658.2773974803429	5.3863737168181585	10641.095820280634
10729.909922911864	11047.757684607726	10470.402070168286	10240	5.421843560944601	530.9279870080529	5.425589403092668	10712.779594119558
10338.033460612694	10365.678424447957	10221.228073304934	5120	5.4530586464850375	136.8699494925404	5.464805089367179	10322.193997977565
10173.329025366402	10173.329025366402	10173.329025366402	1024	5.489520802135316	0.0	5.504020775641688	10173.329025366402
10720.28414286148	10720.28414286148	10720.28414286148	1024	5.527010839914014	1.8189894035458565e-12	5.543236461916198	10720.284142861481
nan	nan	nan	0	nan	nan	5.582452148190708	nan
