X Mean	Y Lower Quartile	Count	X Center	Y Upper Quartile	Y Median	Y Mean	Y Std
nan	nan	0	3.6216678344652173	nan	nan	nan	nan
nan	nan	0	3.660883520739727	nan	nan	nan	nan
nan	nan	0	3.700099207014237	nan	nan	nan	nan
nan	nan	0	3.7393148932887468	nan	nan	nan	nan
nan	nan	0	3.778530579563257	nan	nan	nan	nan
nan	nan	0	3.8177462658377666	nan	nan	nan	nan
nan	nan	0	3.856961952112276	nan	nan	nan	nan
nan	nan	0	3.896177638386786	nan	nan	nan	nan
nan	nan	0	3.9353933246612955	nan	nan	nan	nan
nan	nan	0	3.9746090109358057	nan	nan	nan	nan
nan	nan	0	4.013824697210316	nan	nan	nan	nan
nan	nan	0	4.053040383484825	nan	nan	nan	nan
nan	nan	0	4.092256069759335	nan	nan	nan	nan
nan	nan	0	4.131471756033845	nan	nan	nan	nan
nan	nan	0	4.170687442308354	nan	nan	nan	nan
nan	nan	0	4.209903128582864	nan	nan	nan	nan
nan	nan	0	4.249118814857374	nan	nan	nan	nan
nan	nan	0	4.288334501131884	nan	nan	nan	nan
nan	nan	0	4.327550187406394	nan	nan	nan	nan
nan	nan	0	4.366765873680904	nan	nan	nan	nan
nan	nan	0	4.405981559955413	nan	nan	nan	nan
nan	nan	0	4.445197246229924	nan	nan	nan	nan
nan	nan	0	4.4844129325044335	nan	nan	nan	nan
nan	nan	0	4.523628618778943	nan	nan	nan	nan
nan	nan	0	4.562844305053453	nan	nan	nan	nan
nan	nan	0	4.6020599913279625	nan	nan	nan	nan
nan	nan	0	4.641275677602472	nan	nan	nan	nan
4.695861868179139	-275.2709392922734	20	4.680491363876982	37.7991373270097	-246.09076480254953	-151.41427013215724	187.10071920848495
4.7268381654416824	-254.8316075859084	169	4.7197070501514915	71.1014686997114	-49.69555532180493	-89.98991929330948	647.7116223606714
4.763631918278219	-150.60788038437568	824	4.758922736426001	97.35025152998423	-24.677066226192437	-26.13944005535758	485.64190161776463
4.80019237216015	-137.4414735401997	1788	4.798138422700512	122.95609064168957	-9.268345603170019	25.18348877803347	307.60083852661995
4.83810911222408	-106.19449109186462	2696	4.837354108975021	134.04844854903843	19.24210934342591	23.625947102721227	402.30831556656534
4.878128211161914	-132.74088280250544	3333	4.876569795249531	102.0565761799744	-16.19909545468181	3.335518277452998	347.43138785847736
4.916547534960173	-126.66081389651663	4348	4.915785481524041	125.04134413987867	-0.3245272990543526	1.8511934484696566	415.01047250881106
4.954765748487404	-124.34279619673725	4155	4.955001167798551	109.25781531600887	-1.9835236021099263	-15.411934612903087	430.52432780084996
4.994980848688131	-122.58366622307585	3922	4.994216854073061	98.31973033242139	-19.247138245265887	-4.938325206866817	399.1524666147777
5.033952620382761	-103.70047296615849	4975	5.033432540347571	96.08409238528475	-4.505518907484657	4.641381110237899	328.67166325861825
5.071651517089104	-114.55709408047551	4181	5.07264822662208	85.77549117222043	-9.427423682553126	-21.1281338514162	387.34792760433004
5.110793366939458	-96.85370779210598	2938	5.11186391289659	102.10171001286108	5.607505986477918	8.19608829169882	243.40020446066367
5.149995554421738	-104.03481706654384	2290	5.1510795991711	102.19038575837294	8.283234217828067	13.079025435814689	371.36259880353236
5.19080150171202	-110.03546686554728	2070	5.190295285445609	104.69184455829964	5.059938557546047	-14.36375642971159	475.2693910303436
5.229204539358913	-92.51548157493198	2305	5.229510971720119	101.68379909232863	7.27943100655466	0.5300802263132589	412.0656699002271
5.268536796299389	-108.9934427514927	1943	5.268726657994629	90.0612719693363	-1.7416029411269847	-10.052789368283484	522.95593442742
5.3076635719199805	-88.52112886732675	1882	5.307942344269139	92.22528786572366	8.411554436814185	1.544478362353122	365.9808112530409
5.3475140375007975	-99.42215610145831	1556	5.347158030543649	101.70893549219363	-16.788166626354723	-31.244068725327555	280.2315118367929
5.384745322181525	-103.51824154625137	1478	5.3863737168181585	86.24489404475935	-4.527818624230349	-39.36295482181501	392.8713206804544
5.422831188397727	-95.42178511287602	779	5.425589403092668	133.26285231691236	23.96837264136593	45.74194034401348	438.28871993929823
5.460586334414377	-74.16176407780767	189	5.464805089367179	117.93505635983638	28.014580155686417	-81.69145908013724	734.4009323039346
5.5072602087148255	-118.41826535968539	40	5.504020775641688	165.74448770852905	-17.7455270613209	37.950431610044646	270.84162686627496
5.541860564138443	132.04755840520374	4	5.543236461916198	132.04755840520374	132.04755840520374	132.04755840520374	0.0
nan	nan	0	5.582452148190708	nan	nan	nan	nan
