Y Std	Y Mean	Y Lower Quartile	X Center	Count	Y Median	X Mean	Y Upper Quartile
0.08194146653680867	0.009359244846480869	-0.04739135430023547	3.6216678344652173	384	-0.008561228816047014	3.6339694051146942	0.0072870909573183795
0.047140552082238676	-0.00883667793636327	-0.040901296391760364	3.660883520739727	896	-0.02637445459037746	3.6662111808747317	0.02799138852142494
0.04583946644305045	-0.006141316638345588	-0.030798731260456985	3.700099207014237	2176	-0.002089301895933114	3.7053252071330887	0.017658772361326864
0.060164872711084366	0.005132258515674675	-0.029948921097855866	3.7393148932887468	4544	0.003922887129227547	3.743580998030611	0.02979491941753662
0.03987680321930285	0.002300778931150589	-0.02625425964481655	3.778530579563257	6592	0.003351109027675172	3.7787678028759504	0.027897561753677625
0.038070821736072125	0.0011879875837807617	-0.02316224703439182	3.8177462658377666	7168	0.0012598835837751708	3.8192276789785566	0.02741035450469874
0.035870701195439315	2.5387632445143778e-05	-0.02118510734291362	3.856961952112276	10304	-0.002554910320437665	3.8574424325867698	0.01653300089399375
0.039794344710832076	0.004903968647386321	-0.015598778243771424	3.896177638386786	14144	0.0029495032541148724	3.8973385190355683	0.024271596556801448
0.03177690681672595	-0.0018901545877051413	-0.020794927450287454	3.9353933246612955	13824	-0.0006735688026091888	3.936165657699696	0.01708213084107736
0.03230957230343338	0.0006580548318709187	-0.01967155169095825	3.9746090109358057	15104	0.00039872704771641	3.9758585682156453	0.0174820134824403
0.03053025693482367	0.003998640518520875	-0.017105231946263944	4.013824697210316	17728	0.0046216948488932786	4.014386375433852	0.02592999145199878
0.030386429059966864	-0.00015945779528378837	-0.01839753099847027	4.053040383484825	20608	-0.000632693705065377	4.0533631681216065	0.016903880100664043
0.027138280810191612	0.0010969309060804707	-0.01866448673322636	4.092256069759335	22208	0.00044890826110944313	4.092265913696834	0.018007661042967395
0.026059236801660345	0.0005049908192759471	-0.015066390393757756	4.131471756033845	23232	0.001107918665152526	4.131990403608695	0.018033675406380116
0.021870666885452313	-0.002276497939734771	-0.016431421642779664	4.170687442308354	34688	-0.0020152814461200813	4.17273873123217	0.011158083631461336
0.020745647756248098	-0.0006191833563346855	-0.012216131800858697	4.209903128582864	62464	-0.000725127321668156	4.211741792873759	0.011814521568680795
0.018765044717739238	-0.00031050284420744054	-0.011823485014302618	4.249118814857374	92608	-0.00040025524508951126	4.249764730965517	0.01021148956776628
0.01562193926099974	-0.0005158364058312593	-0.010253051393857711	4.288334501131884	102208	-0.000667443541086519	4.2887434252770165	0.009575795208250248
0.01484342593082572	3.3890867627964315e-05	-0.009503735444176273	4.327550187406394	123008	-0.0004138310274775114	4.327506346932605	0.00943715296714973
0.0142064680574209	-0.0001928280943349282	-0.009309468588530195	4.366765873680904	116864	-0.00037179437890211384	4.366450509750222	0.009061044071381676
0.013665855891441172	-7.361930476582873e-05	-0.008305995446570484	4.405981559955413	117696	-0.0004998731633398494	4.405707880024505	0.007940464769153893
0.012812441721631807	-0.0006172879694911937	-0.008422252034862306	4.445197246229924	120960	-0.0007699522415367502	4.445064189171758	0.0073160212605233995
0.011940849051397511	-0.0006009534361731745	-0.007485713385159843	4.4844129325044335	111744	-0.000684207584490161	4.484361235137989	0.006715094302003786
0.011770920888542884	0.00012185032974359318	-0.007160468504113166	4.523628618778943	112704	-0.0001254656328395562	4.523638883262367	0.007213244233989983
0.01214943552898391	0.00020179977969621095	-0.006984916540816627	4.562844305053453	105536	9.296533776524774e-05	4.5624367688540906	0.007839602464766256
0.011784989395071799	0.0001145724529236425	-0.006916802956268992	4.6020599913279625	99968	0.0001882558723627167	4.602024921098159	0.007081926363607442
0.011647799573400907	-5.589846854001182e-05	-0.00739282423223298	4.641275677602472	94784	0.0002464379487424156	4.641292649409468	0.006415563433538075
0.011147184117007686	0.00015236008147902414	-0.0067663998720482055	4.680491363876982	71744	0.0001995027671508994	4.679384238834232	0.007203979188167993
0.010648474499602614	-0.0005778003463468306	-0.007547026732509711	4.7197070501514915	61632	-0.0012477704800306951	4.7195398975422505	0.005828382708303407
0.011071078758348405	-9.157264268933682e-05	-0.007088407179648195	4.758922736426001	60288	-0.0001030796004759568	4.758925374941637	0.006882276504325651
0.010237368951337164	-0.0001903345236877697	-0.006917479356570903	4.798138422700512	69952	-0.000245254297009685	4.799305912989814	0.006610155730413703
0.009652594368758548	0.0003911674445968696	-0.005552531533072904	4.837354108975021	66176	0.0006048035695736022	4.836296879977762	0.006404253097559711
0.009667045874778785	0.0002904620593856948	-0.006043673098044006	4.876569795249531	68288	1.0060382495083548e-05	4.877386487937144	0.006805369271394739
0.009763226927720971	-0.00028201863807575335	-0.006070770294981837	4.915785481524041	78208	-0.0002105654861659266	4.915411028925369	0.005783130815633479
0.009923559493598707	-0.00020314327418127765	-0.006725971034438088	4.955001167798551	76992	-0.0003286941131119391	4.954861801396504	0.0061528104700161665
0.010138731463143546	-0.0001612341156215159	-0.006379979122393302	4.994216854073061	65920	-0.000633196362063606	4.993942182324696	0.0062860123059191525
0.010357130517038836	0.0005213304884972299	-0.005882744084136299	5.033432540347571	80832	0.00035536045669506917	5.033755294340765	0.006998936524620813
0.010499456807359338	-0.0003476748584699622	-0.006564106720431639	5.07264822662208	73600	-2.6688287308140646e-05	5.072495471980941	0.00612701510850045
0.010486163184370541	0.0004486184374917346	-0.005736061380097156	5.11186391289659	66112	0.0005316933293472832	5.110540677378038	0.006963858133163026
0.009856263649103714	0.0003121561211446192	-0.005653662003356683	5.1510795991711	62848	0.00022617748843023342	5.15088820267192	0.006856136050253332
0.010618253136867928	-0.0005407894632858132	-0.007213589971374157	5.190295285445609	54912	-0.000537774316111245	5.189761684370824	0.006254573487519879
0.010839239473361337	-0.00020775585530360786	-0.0077193855076385575	5.229510971720119	46144	-0.0001842872523037324	5.22924416989603	0.006288433564329438
0.012456164480646447	-0.0016761350141701456	-0.008742414135690423	5.268726657994629	36288	-0.0008426036421443348	5.26805475905773	0.00598563847304812
0.01262264504373812	8.370587062223941e-05	-0.006807764424744732	5.307942344269139	23808	-4.212466116593402e-05	5.306557758899147	0.006656185971161899
0.013051886467229276	0.0006284507938406459	-0.006843095618851911	5.347158030543649	17792	0.0010570738731556539	5.347354027808692	0.008943680255652202
0.014019729977145814	-0.00045289547868529836	-0.008889778744769964	5.3863737168181585	13888	-0.0009544917245581098	5.385580903175217	0.007559039387488493
0.015422147676195121	9.571674444154903e-05	-0.009512480965199169	5.425589403092668	10880	-9.85820784107426e-05	5.423609380988273	0.00896935539181243
0.01644306909700745	-0.002992437876944442	-0.013953052130608178	5.464805089367179	5440	-0.0031581701774086117	5.461631651389627	0.007756192461567726
0.013706912352450078	0.0014640655871181124	-0.004756227992738861	5.504020775641688	3072	0.0028689762339992797	5.502740777998107	0.011259200852027341
0.015012964409522616	0.0019216534615512965	-0.005507858281610773	5.543236461916198	576	-0.002569258256687372	5.536242963565152	-0.00028126253815410863
0.009082376316490245	0.007307978917002193	-0.0004146244881946473	5.582452148190708	256	0.005440548499078719	5.574199727614342	0.013163151904275559
