Count	Y Upper Quartile	X Mean	Y Std	Y Mean	X Center	Y Lower Quartile	Y Median
0	nan	nan	nan	nan	2.8075630150895257	nan	nan
0	nan	nan	nan	nan	2.8663865445012906	nan	nan
0	nan	nan	nan	nan	2.925210073913055	nan	nan
0	nan	nan	nan	nan	2.9840336033248196	nan	nan
0	nan	nan	nan	nan	3.0428571327365845	nan	nan
0	nan	nan	nan	nan	3.1016806621483495	nan	nan
0	nan	nan	nan	nan	3.160504191560114	nan	nan
0	nan	nan	nan	nan	3.2193277209718785	nan	nan
0	nan	nan	nan	nan	3.2781512503836434	nan	nan
0	nan	nan	nan	nan	3.3369747797954084	nan	nan
0	nan	nan	nan	nan	3.395798309207173	nan	nan
0	nan	nan	nan	nan	3.4546218386189373	nan	nan
0	nan	nan	nan	nan	3.5134453680307023	nan	nan
0	nan	nan	nan	nan	3.5722688974424672	nan	nan
0	nan	nan	nan	nan	3.6310924268542317	nan	nan
0	nan	nan	nan	nan	3.689915956265996	nan	nan
0	nan	nan	nan	nan	3.748739485677761	nan	nan
0	nan	nan	nan	nan	3.807563015089526	nan	nan
0	nan	nan	nan	nan	3.8663865445012906	nan	nan
0	nan	nan	nan	nan	3.925210073913055	nan	nan
0	nan	nan	nan	nan	3.9840336033248196	nan	nan
0	nan	nan	nan	nan	4.042857132736584	nan	nan
0	nan	nan	nan	nan	4.1016806621483495	nan	nan
0	nan	nan	nan	nan	4.160504191560114	nan	nan
0	nan	nan	nan	nan	4.219327720971879	nan	nan
0	nan	nan	nan	nan	4.278151250383644	nan	nan
0	nan	nan	nan	nan	4.336974779795408	nan	nan
0	nan	nan	nan	nan	4.395798309207173	nan	nan
0	nan	nan	nan	nan	4.454621838618937	nan	nan
0	nan	nan	nan	nan	4.513445368030702	nan	nan
0	nan	nan	nan	nan	4.572268897442467	nan	nan
0	nan	nan	nan	nan	4.631092426854232	nan	nan
0	nan	nan	nan	nan	4.689915956265997	nan	nan
462	0.0010542098751108893	4.770909641461769	7.915375391469953e-05	0.001070602422722353	4.748739485677762	0.0010542098751108893	0.0010542098751108893
5499	0.0005590291454473745	4.818312165632046	0.0002200657951754955	0.0002216025060936826	4.807563015089526	7.807811128305319e-05	7.807811128305319e-05
15056	0.0031729591357666123	4.863380707369077	0.0015874339712793075	0.000744798462100311	4.866386544501291	-0.00010157896573745367	0.0003419214195323929
10782	0.0010774594694145346	4.922434005114702	0.0009240781121660435	0.00046203519111103955	4.925210073913055	-0.0002106493628684121	0.0010166232873638087
2927	-0.0022763763239321794	4.964659292746948	0.0011952668849703261	-0.0016745073181688834	4.98403360332482	-0.0022763763239321794	-0.0022763763239321794
7226	0.00139782436428474	5.033444432088518	0.0017020536576613293	-0.00044627434000100904	5.042857132736584	-0.0020172162309015297	-0.0020172162309015297
7740	0.0013766762520464183	5.096743081557927	0.001762286682927459	-1.9154245491170726e-06	5.1016806621483495	-0.002443125797720185	0.0013766762520464183
2010	0.0010744882057873168	5.176904455668055	0.0011962761422528527	0.0015914039175249093	5.160504191560115	0.0010744882057873168	0.0010744882057873168
3750	0.0010978161023737847	5.24304454233315	2.168404344971009e-19	0.0010978161023737845	5.219327720971879	0.0010978161023737847	0.0010978161023737847
1396	0.0024930199385395937	5.293586254881214	0.0007383304413838789	0.002119892186930193	5.278151250383644	0.0024930199385395937	0.0024930199385395937
0	nan	nan	nan	nan	5.336974779795408	nan	nan
0	nan	nan	nan	nan	5.395798309207173	nan	nan
0	nan	nan	nan	nan	5.454621838618937	nan	nan
0	nan	nan	nan	nan	5.513445368030702	nan	nan
0	nan	nan	nan	nan	5.572268897442467	nan	nan
0	nan	nan	nan	nan	5.631092426854233	nan	nan
0	nan	nan	nan	nan	5.689915956265997	nan	nan
0	nan	nan	nan	nan	5.748739485677762	nan	nan
