Y Lower Quartile	X Mean	Count	X Center	Y Mean	Y Upper Quartile	Y Std	Y Median
-1756.9191036914904	3.6224012415250337	1182	3.6216678344652173	142.5663226102452	2110.436411848303	2569.530455623907	118.84526547301994
-1600.7387967284806	3.661596169547555	1410	3.660883520739727	168.82518288194365	1955.9535141659608	2422.43192615274	148.94692769460949
-1540.3403189521014	3.700979285258685	1785	3.700099207014237	177.5503910384915	1995.607123044485	2429.34823653371	148.91759549006747
-1616.9508955884344	3.7396768004137164	2055	3.7393148932887468	196.51324525549725	1941.2405828743122	2425.595703344383	296.76540484914585
-1619.1316015654388	3.7793604008175508	2603	3.778530579563257	123.80262525188192	1952.8817626730765	2408.2762189144664	177.5770530628879
-1424.2834495058296	3.818627867888755	3159	3.8177462658377666	221.12232152375756	1958.5689639665034	2376.3957419741355	228.0644642373627
-1530.35959073079	3.8577729761448905	3990	3.856961952112276	123.23114659409258	1779.3695883540804	2352.2381203376517	129.51566631435708
-1444.3270915168796	3.8968013362715843	5097	3.896177638386786	193.78612518291013	1831.3020425033828	2296.3041773294544	211.58353846781029
-1420.0005243186456	3.936300809401218	6540	3.9353933246612955	187.06635963490385	1847.517306715	2318.2458310058896	202.04155664028394
-1277.1921342235673	3.9754936799979297	8025	3.9746090109358057	201.25708619536678	1700.3479727259455	2213.749513160654	264.6940765382933
-1254.4427994095568	4.014762871699466	10137	4.013824697210316	172.42962078118424	1672.471417088027	2186.3400115600293	192.39245356191714
-1208.3040281879034	4.054037097899714	13292	4.053040383484825	195.4464425885323	1621.7462464286	2122.361435635898	228.13053553484588
-1165.264617029523	4.09316772845859	17569	4.092256069759335	190.74542508474607	1558.6763772063423	2064.0539604689407	192.74587475611406
-1110.9102823656758	4.1323463492996195	22793	4.131471756033845	172.222356608627	1463.7341386660246	2011.2399796524767	188.44184419600606
-1046.6440170651767	4.171629458028945	29186	4.170687442308354	186.6599760637266	1452.5441610061825	1951.9084128620727	203.27746793354754
-986.0316033405047	4.210699206652522	37774	4.209903128582864	185.15839985845858	1388.8978601109707	1891.3986944134106	185.90246340178874
-984.4760270045749	4.249797662935281	47555	4.249118814857374	156.1398816284151	1304.8567544162734	1831.9676805586766	169.39481708620679
-932.3920610267423	4.288953549895332	58602	4.288334501131884	150.66477701170538	1254.0020746294986	1775.4363910021527	160.70138139994242
-888.7222976279113	4.328024952251269	69367	4.327550187406394	147.123496639537	1211.108027710512	1722.5948079367965	162.38465022614946
-853.5242154065068	4.3671861957451	78134	4.366765873680904	145.84729322901657	1157.5359086494645	1677.8803961968615	145.40500142956625
-813.2746654846769	4.40614663697364	85795	4.405981559955413	130.44579883251197	1089.1715901668576	1609.2053161131644	133.75253634314322
-793.0469688451703	4.445342313487186	90225	4.445197246229924	102.65335274761628	1014.498771956658	1558.1653281002139	112.73248027376849
-772.9328796379248	4.484479327418811	91816	4.4844129325044335	94.52349024922695	980.5083309505944	1515.2706362398985	107.67234075502802
-743.9685383064534	4.523606027863846	91983	4.523628618778943	78.01540119599166	915.4434919679761	1457.6781098163651	88.86323551719215
-715.6976823940038	4.562741845902144	89222	4.562844305053453	71.36099474229864	879.1668175276795	1412.9388194562562	81.69003407140553
-704.3211044367326	4.6018640862314895	85035	4.6020599913279625	53.50531008529424	828.7348048034423	1365.4908688967962	60.09922095430193
-683.2377937766996	4.640947905376642	78748	4.641275677602472	48.48093425236818	798.6780263645787	1328.0854425595467	64.29873881814001
-662.5548948836142	4.68014249762969	70792	4.680491363876982	35.56116987968606	753.6576309719712	1273.3376113010174	51.80396557973472
-626.7884487876088	4.7194537188728365	63792	4.7197070501514915	27.065851136091275	703.4920697951302	1209.7086837841107	40.78849414599517
-601.1746519711928	4.758876284285433	61050	4.758922736426001	9.656607684391007	653.2247255150846	1122.5330003819515	28.46567185976255
-580.1680910614255	4.798281642866113	63030	4.798138422700512	-6.554492013920012	595.3655569225732	1051.7625346751076	11.59795006452623
-540.9913449268245	4.837453205937045	66078	4.837354108975021	-7.557071020375093	561.7037985133538	990.2916838862222	15.658996083163402
-516.6484017693176	4.876748126047099	69014	4.876569795249531	-10.131230716487368	530.8594729198758	939.8324682242242	14.545674895638513
-496.1807546980144	4.915986370089565	72112	4.915785481524041	-7.475765977535417	508.93538196551935	894.1456610459834	11.477993568160855
-487.09415185941543	4.954929337675561	72689	4.955001167798551	-13.134634499288026	482.83803802503917	875.8265641469262	5.6955835843145906
-485.75202319026175	4.994186387934998	71064	4.994216854073061	-18.59060299212021	475.1599015259126	876.827874360543	2.7381289147624557
-471.91845258094736	5.033545113146869	73742	5.033432540347571	-21.067876578590248	460.7912959038031	850.5374565871259	-0.6048898935150646
-449.32055605646383	5.072472184782929	72778	5.07264822662208	-22.25837986815513	439.9264089902422	824.5164915124278	0.34217558193267905
-434.7889437997046	5.111581168925096	66295	5.11186391289659	-24.467956858870483	412.56424822797817	785.4087067857786	-6.687707649627555
-410.5783917619183	5.150848016856838	61152	5.1510795991711	-21.910261972195695	387.54400766866274	744.7257394999093	-4.247283964180497
-393.49458144675737	5.1897390832194805	54396	5.190295285445609	-22.287458972875303	368.88534543571313	719.0343310736224	-6.04747374075032
-389.5945752327907	5.228899792473548	45336	5.229510971720119	-26.265784796918222	354.35109674201294	697.5335662966585	-14.629132777498853
-371.63918457469754	5.267756306554676	35828	5.268726657994629	-31.17518945446516	337.7519138394109	669.1799146351897	-10.778718914117235
-362.99692488324627	5.306762432990938	25054	5.307942344269139	-38.5492137921104	312.1794137723318	663.282519373382	-15.195942024874057
-350.8805783958592	5.346333734854062	17500	5.347158030543649	-41.9563156410577	303.7191101225162	648.1276548705765	-12.467879208042177
-360.62734446855984	5.385567079176302	14290	5.3863737168181585	-50.37065601267149	302.50146798314654	637.1486343270722	-21.076192392693883
-350.43789868031536	5.4243698574122305	10152	5.425589403092668	-52.58332683244077	295.26720944344606	626.6059445747707	-26.145923199706885
-360.6676194429365	5.462660549615279	5865	5.464805089367179	-65.07332544486815	285.0169700372935	645.8729305327987	-25.34231022046879
-337.93019625229044	5.500714659120722	2723	5.504020775641688	-64.091723543291	269.3024978792064	596.4249280177978	-37.25478039460177
-339.08056027119164	5.539230658101993	829	5.543236461916198	-45.33092602099945	234.8950383045285	716.618463553195	-18.1978329952708
-424.6663767986056	5.57925220728307	268	5.582452148190708	-62.17040851705376	335.7227587334496	978.3723288892135	-44.35327329690335
