Count	Y Upper Quartile	X Mean	Y Std	Y Mean	X Center	Y Lower Quartile	Y Median
6272	215.79771528891433	2.810833298694075	814.9510778356298	-176.78648964478	2.8075630150895257	-626.2182821916476	-331.95107436142143
9920	210.11181073428543	2.871036589882213	724.5853375832772	-255.19207376232788	2.8663865445012906	-793.4297342106629	-264.5129915392281
11520	286.3241630571124	2.925604840923608	693.6028785045804	-130.11644050830589	2.925210073913055	-583.5168152774897	-178.83947189492892
16000	412.76184919003026	2.984471113981902	652.3845283723379	-71.12782969877802	2.9840336033248196	-559.2503904075584	-112.87209348908937
20288	241.410295850279	3.0440271043578213	570.3084823816055	-129.58998261641344	3.0428571327365845	-535.602442961238	-150.91221928526647
25728	276.39626271525594	3.1037710866865056	538.2454501098267	-61.20093911294416	3.1016806621483495	-431.6350170649548	-96.28423600699307
32576	281.0599944969763	3.1610972156498924	518.5534065416193	-4.577169295285674	3.160504191560114	-338.0170994590371	-30.91736511325871
44800	244.20789628878924	3.2217657878968957	446.2142981877061	-22.49165278855242	3.2193277209718785	-328.5429281669999	-45.38207805166212
53952	276.62238511262694	3.278525738448022	432.7508839565743	21.921886216394302	3.2781512503836434	-264.03710866307483	-17.359585574135053
62592	215.83794596486223	3.337801976923262	381.3175975270158	7.60398832616981	3.3369747797954084	-231.29561212627232	-13.206491567406829
76928	214.92268405132018	3.396647383589513	342.2432647384285	16.437124250966473	3.395798309207173	-196.28843754766785	2.3157458922160004
98816	169.76521325358044	3.4556692105509357	281.12691255991376	-4.424222274076397	3.4546218386189373	-191.17930754189433	-9.744018127428717
116544	154.25722292247337	3.514689242946612	265.2797060988299	1.5168277602583604	3.5134453680307023	-170.98664057594488	-13.211656786264939
137920	155.23410262479683	3.5720897428945078	234.05204346577855	7.781597660710799	3.5722688974424672	-148.1803348552039	5.07293656598813
149120	148.84715974746177	3.631150381888515	211.36653194655898	20.231938872535242	3.6310924268542317	-121.56284397237869	15.812346308916403
144128	132.29820154288063	3.6903042577008858	193.35302386141197	15.680168560232223	3.689915956265996	-107.8494887379245	12.469982095072737
143616	122.63151468942897	3.7490889691933154	171.48570141648142	12.643211633315032	3.748739485677761	-100.69915481953149	7.564427104593051
135296	111.70377436658418	3.8075682682996255	155.85640008754035	17.426710781940226	3.807563015089526	-85.20485660104532	13.785530474747247
121792	99.42111040902273	3.866001208798907	146.16340790771943	11.052972747595623	3.8663865445012906	-87.96699152335168	5.191124873224908
125888	84.3596689807382	3.9253498558952153	135.78565758499818	1.3688881303858698	3.925210073913055	-82.57538585612929	2.4354012091862387
133376	81.96235916582827	3.984444359304441	126.78825462099911	3.255415851532209	3.9840336033248196	-79.4820302720259	1.4965215566726329
141440	82.80430161855111	4.042676132468529	115.1092546136474	10.653531865949923	4.042857132736584	-64.53257951487103	7.661333164990538
130432	75.38081956236056	4.1009387958186405	105.92109810368937	11.540366452300042	4.1016806621483495	-55.02880680043927	8.01626281479821
118592	66.55777981254687	4.160679265147457	99.06706466336279	3.452595285178379	4.160504191560114	-61.05442512364789	2.022091695205745
99200	63.67340574006084	4.218237356969456	90.62818600784338	5.952280780191392	4.219327720971879	-52.45414927991442	3.8832019261571986
79552	63.01793713282677	4.276336800668055	88.46670367132124	8.423791866722622	4.278151250383644	-49.51125603431319	10.83632925323218
66240	57.722757219269624	4.336680674085667	78.0190183201718	5.363635103316144	4.336974779795408	-45.645979582981454	6.858575275158728
55872	43.916370533441295	4.3940043756097875	70.70156988663902	1.45979017037194	4.395798309207173	-42.977035514491945	-1.2295288174718735
45440	44.353876838407814	4.454549972367887	68.41690582175413	2.157471268165085	4.454621838618937	-43.678212067763525	2.611948949061116
34624	39.24651573746996	4.513459437336689	65.55676412846779	0.08473007733458646	4.513445368030702	-39.28544834372224	-0.810614896894549
27648	38.09013529824597	4.570113101880507	59.45694255230655	0.5121793534131661	4.572268897442467	-39.34045935003769	-1.564150274952226
19648	31.53818726841928	4.629852737686044	53.81388009740187	-1.9013981267480897	4.631092426854232	-33.575728609674115	0.8702706967851555
17344	33.578688628256714	4.690093668006046	56.82868249085666	0.8847404965600111	4.689915956265997	-30.653239759487406	0.5629575610601023
16064	24.04282102707657	4.7484983990948475	42.81894669947809	-2.7896088261521985	4.748739485677762	-27.52722528904087	-0.3926724991779338
11072	19.937601860581708	4.807078331973251	45.86705591433711	-5.339921616792014	4.807563015089526	-31.057408836462855	-6.298980692155965
6656	34.13829890641773	4.862874206817686	58.68649397942431	4.072123999121074	4.866386544501291	-17.728142444663263	7.426432849588309
4672	35.2971093986107	4.92228059267596	47.190523178133425	5.603394133993016	4.925210073913055	-31.035370109593714	9.520714506472359
3712	15.08382719421752	4.982173370559464	142.016779011782	-22.518508837048635	4.98403360332482	-32.86809185169295	-11.269931932741201
2304	27.39794992447878	5.038915179648777	49.38790563209262	1.4327996027632253	5.042857132736584	-20.999224179659905	2.785392536276049
960	62.91875418239033	5.1018186024923216	64.83421886447019	24.824859532607054	5.1016806621483495	-22.622883911235476	23.938277693801865
512	25.190049709718096	5.166876626412868	43.05758706257383	-6.65821734876954	5.160504191560115	-13.424793416090779	4.0302215627289115
256	-38.65599054091808	5.201336244935504	31.38504994573581	-59.43926814455972	5.219327720971879	-87.25448319251655	-66.47120558887491
64	-140.36023435048082	5.277969836284876	0.0	-140.36023435048082	5.278151250383644	-140.36023435048082	-140.36023435048082
0	nan	nan	nan	nan	5.336974779795408	nan	nan
0	nan	nan	nan	nan	5.395798309207173	nan	nan
0	nan	nan	nan	nan	5.454621838618937	nan	nan
0	nan	nan	nan	nan	5.513445368030702	nan	nan
0	nan	nan	nan	nan	5.572268897442467	nan	nan
0	nan	nan	nan	nan	5.631092426854233	nan	nan
0	nan	nan	nan	nan	5.689915956265997	nan	nan
0	nan	nan	nan	nan	5.748739485677762	nan	nan
