X Mean	Count	Y Mean	Y Std	X Center	Y Median	Y Upper Quartile	Y Lower Quartile
nan	0	nan	nan	2.8075630150895257	nan	nan	nan
nan	0	nan	nan	2.8663865445012906	nan	nan	nan
nan	0	nan	nan	2.925210073913055	nan	nan	nan
nan	0	nan	nan	2.9840336033248196	nan	nan	nan
nan	0	nan	nan	3.0428571327365845	nan	nan	nan
nan	0	nan	nan	3.1016806621483495	nan	nan	nan
nan	0	nan	nan	3.160504191560114	nan	nan	nan
nan	0	nan	nan	3.2193277209718785	nan	nan	nan
nan	0	nan	nan	3.2781512503836434	nan	nan	nan
nan	0	nan	nan	3.3369747797954084	nan	nan	nan
3.4098083342841887	32	4.848043733898673	0.02950118602651708	3.395798309207173	4.848043733898674	4.877544919925191	4.818542547872156
nan	0	nan	nan	3.4546218386189373	nan	nan	nan
3.526618526175786	63	4.192569975679212	0.24679212655854285	3.5134453680307023	4.232579721296298	4.370812446418594	4.195838537028624
3.582843716418395	112	4.344687961478326	0.2771033393991729	3.5722688974424672	4.302716345530929	4.40267582756682	4.112169390773168
3.641562533996195	304	4.233763185426376	0.37098353607223333	3.6310924268542317	4.286793481465674	4.429625112260339	4.1186887706227235
3.693199629646868	806	4.097928593163163	0.3282783406344508	3.689915956265996	4.1032750533302655	4.295398000603108	3.865660152154738
3.751216717633366	1762	3.9587399894654487	0.30475480349031775	3.748739485677761	3.927422415995195	4.132911816471042	3.750867211753005
3.8098237546179456	3316	3.859590363771134	0.3208610511270292	3.807563015089526	3.85103532148114	4.067283643722315	3.6635159686094365
3.8692298154086213	5280	3.751080467927087	0.31714300714647414	3.8663865445012906	3.768279585085442	3.9500137804467084	3.571048385639574
3.9250817558383586	7307	3.6886072956615616	0.36438798898387775	3.925210073913055	3.7129482361719237	3.9360833523053667	3.4888898183673867
3.985087407188573	8145	3.7044956946911616	0.336794732799729	3.9840336033248196	3.7235303048585315	3.905174276380688	3.5167195063440677
4.042800852681719	8883	3.683934157902216	0.33555890068281163	4.042857132736584	3.7031599686756014	3.8855806883948576	3.4853171742958073
4.100460769142003	7976	3.732319704819243	0.3536715649415775	4.1016806621483495	3.7214107779748042	3.9580512543028683	3.5157648681752196
4.158820042808092	6617	3.8498149908198434	0.39056853422580745	4.160504191560114	3.890247650749364	4.1292506479948825	3.596064386565634
4.2158529769091935	3204	4.00050089728932	0.28616354271313926	4.219327720971879	4.0376444574401	4.218016285199345	3.860543194102237
4.273169266144209	1690	4.005767554866622	0.26263404590262057	4.278151250383644	4.02766466054176	4.1515818049302515	3.924717891842313
4.327428510025539	489	4.033260809944655	0.1254067085422231	4.336974779795408	4.043072592380538	4.129926603133425	3.965480299308692
4.3894838036698225	290	3.9171475114828493	0.13661876173128604	4.395798309207173	3.9359585277312177	3.981528755201701	3.7790584273358587
4.454510554909131	86	3.7772769182929724	0.09503503494887822	4.454621838618937	3.7537707275422214	3.842640699162809	3.7338506533182416
nan	0	nan	nan	4.513445368030702	nan	nan	nan
nan	0	nan	nan	4.572268897442467	nan	nan	nan
nan	0	nan	nan	4.631092426854232	nan	nan	nan
nan	0	nan	nan	4.689915956265997	nan	nan	nan
nan	0	nan	nan	4.748739485677762	nan	nan	nan
nan	0	nan	nan	4.807563015089526	nan	nan	nan
nan	0	nan	nan	4.866386544501291	nan	nan	nan
nan	0	nan	nan	4.925210073913055	nan	nan	nan
nan	0	nan	nan	4.98403360332482	nan	nan	nan
nan	0	nan	nan	5.042857132736584	nan	nan	nan
nan	0	nan	nan	5.1016806621483495	nan	nan	nan
nan	0	nan	nan	5.160504191560115	nan	nan	nan
nan	0	nan	nan	5.219327720971879	nan	nan	nan
nan	0	nan	nan	5.278151250383644	nan	nan	nan
nan	0	nan	nan	5.336974779795408	nan	nan	nan
nan	0	nan	nan	5.395798309207173	nan	nan	nan
nan	0	nan	nan	5.454621838618937	nan	nan	nan
nan	0	nan	nan	5.513445368030702	nan	nan	nan
nan	0	nan	nan	5.572268897442467	nan	nan	nan
nan	0	nan	nan	5.631092426854233	nan	nan	nan
nan	0	nan	nan	5.689915956265997	nan	nan	nan
nan	0	nan	nan	5.748739485677762	nan	nan	nan
