Count	Y Upper Quartile	X Mean	Y Std	Y Mean	X Center	Y Lower Quartile	Y Median
0	nan	nan	nan	nan	2.8075630150895257	nan	nan
0	nan	nan	nan	nan	2.8663865445012906	nan	nan
0	nan	nan	nan	nan	2.925210073913055	nan	nan
0	nan	nan	nan	nan	2.9840336033248196	nan	nan
0	nan	nan	nan	nan	3.0428571327365845	nan	nan
0	nan	nan	nan	nan	3.1016806621483495	nan	nan
0	nan	nan	nan	nan	3.160504191560114	nan	nan
0	nan	nan	nan	nan	3.2193277209718785	nan	nan
0	nan	nan	nan	nan	3.2781512503836434	nan	nan
0	nan	nan	nan	nan	3.3369747797954084	nan	nan
0	nan	nan	nan	nan	3.395798309207173	nan	nan
0	nan	nan	nan	nan	3.4546218386189373	nan	nan
0	nan	nan	nan	nan	3.5134453680307023	nan	nan
0	nan	nan	nan	nan	3.5722688974424672	nan	nan
0	nan	nan	nan	nan	3.6310924268542317	nan	nan
0	nan	nan	nan	nan	3.689915956265996	nan	nan
0	nan	nan	nan	nan	3.748739485677761	nan	nan
0	nan	nan	nan	nan	3.807563015089526	nan	nan
0	nan	nan	nan	nan	3.8663865445012906	nan	nan
0	nan	nan	nan	nan	3.925210073913055	nan	nan
1024	2.87635541664087	4.008494346213437	0.05527446887955287	2.8424127293889017	3.9840336033248196	2.8226058905472966	2.8565485777992654
8448	2.88121908466184	4.046901773270623	0.04715912475618566	2.8468273023148294	4.042857132736584	2.825181343235534	2.849422110228711
12032	2.885543765637367	4.101148043477763	0.050090504781936836	2.852465622665841	4.1016806621483495	2.830457171338914	2.858411865474366
25088	2.8916905523375984	4.166050334580557	0.04473434384737375	2.8570400645773475	4.160504191560114	2.8265912954531887	2.855219887065303
32768	2.8865433347264893	4.217225685436479	0.03573993803821542	2.8626880627055873	4.219327720971879	2.841056843407925	2.8627200312284664
38912	2.9221740000358736	4.277656787973572	0.03760997264489844	2.8961501984757123	4.278151250383644	2.8758744279528816	2.8970183014358235
34048	2.936487828882439	4.3361438098440415	0.04190345558274497	2.9100900266667478	4.336974779795408	2.8794271591631255	2.9082510514573228
39936	2.951976753455959	4.396576808988547	0.13865715661057085	2.8669529007700554	4.395798309207173	2.8634978369149278	2.9205583985732035
63744	2.959534246190622	4.457185545973189	0.1574835843288123	2.8166648485169303	4.454621838618937	2.676871527145115	2.796121389193584
111360	2.971274383084264	4.515386804330898	0.13686904575917178	2.8398685235106282	4.513445368030702	2.73948946253243	2.7926247667388413
124928	2.999411792735156	4.572259522986182	0.13794876755501448	2.9050555012504526	4.572268897442467	2.8097239350993664	2.8821575581813788
142592	3.0147538512836007	4.631604102417764	0.12845911868372242	2.953662624995532	4.631092426854232	2.8689645907924985	2.9541151945691326
132864	3.0787799361078774	4.689367152313228	0.13877464865805494	2.9868262898262454	4.689915956265997	2.901751438368642	2.988018143944002
154880	3.1324855422158073	4.749401829879344	0.16775591108218763	3.018883933186039	4.748739485677762	2.9093430896295844	3.014869616986967
203008	3.206966645855841	4.8090779870385045	0.19737499721787657	3.0567653144350984	4.807563015089526	2.900479518703329	3.040546146933775
295936	3.258110268650661	4.868370372777521	0.23749076292094884	3.068992363031982	4.866386544501291	2.8179131986546984	3.0776792441169643
323072	3.320863163598225	4.925308307539677	0.2230941922784023	3.1668948669778536	4.925210073913055	3.0129135777416867	3.1840207817790445
293120	3.407562812935234	4.983162625728419	0.23487466664888412	3.247545150863243	4.98403360332482	3.06834482440407	3.260918887509305
204288	3.484591276078313	5.040585505416481	0.24302246719128381	3.302511045143058	5.042857132736584	3.1129987252281937	3.2982159270057725
130304	3.5412196644556913	5.099336781405569	0.25156965650044216	3.3685428813448133	5.1016806621483495	3.1840507577150334	3.3696611094791047
83456	3.5943342592555156	5.158464090610656	0.2615739367935826	3.411947721717259	5.160504191560115	3.242535885671179	3.351137425682859
43776	3.648574915390443	5.2175601246664405	0.2746130065392196	3.4431226142952442	5.219327720971879	3.2495087695363236	3.3725920263975304
27648	3.5606349003001494	5.275078445198453	0.22265964186443254	3.477477509766025	5.278151250383644	3.311022819537303	3.40658851834622
19200	3.5766064992620574	5.3362181485860605	0.24392054035694183	3.4858387308519703	5.336974779795408	3.306539753391598	3.399516563055245
13312	3.508849915052176	5.395101160805212	0.19440658974113137	3.4896856835515924	5.395798309207173	3.3703209247012427	3.4263220206465252
8960	3.542462797039826	5.457285639559281	0.10595395697335744	3.4707907685217054	5.454621838618937	3.392076635116027	3.4878826868428847
8704	3.5237775488594902	5.505255183483808	0.11591389161094584	3.4557380179115604	5.513445368030702	3.34618698890746	3.4506970907174024
7424	3.5459237602099307	5.572678537012075	0.10049451559275677	3.4679469985653637	5.572268897442467	3.385396877362542	3.4342683257119138
1536	3.5343643027247786	5.633831740369484	0.05004447626722456	3.481622340289998	5.631092426854233	3.416415498164592	3.492697569930361
768	3.5407620346827375	5.685633680583041	0.029034422510081023	3.509014354102726	5.689915956265997	3.4705892362639204	3.515691791361522
0	nan	nan	nan	nan	5.748739485677762	nan	nan
