Count	Y Upper Quartile	X Mean	Y Std	Y Mean	X Center	Y Lower Quartile	Y Median
0	nan	nan	nan	nan	2.8075630150895257	nan	nan
0	nan	nan	nan	nan	2.8663865445012906	nan	nan
0	nan	nan	nan	nan	2.925210073913055	nan	nan
0	nan	nan	nan	nan	2.9840336033248196	nan	nan
0	nan	nan	nan	nan	3.0428571327365845	nan	nan
0	nan	nan	nan	nan	3.1016806621483495	nan	nan
0	nan	nan	nan	nan	3.160504191560114	nan	nan
0	nan	nan	nan	nan	3.2193277209718785	nan	nan
0	nan	nan	nan	nan	3.2781512503836434	nan	nan
0	nan	nan	nan	nan	3.3369747797954084	nan	nan
0	nan	nan	nan	nan	3.395798309207173	nan	nan
0	nan	nan	nan	nan	3.4546218386189373	nan	nan
0	nan	nan	nan	nan	3.5134453680307023	nan	nan
0	nan	nan	nan	nan	3.5722688974424672	nan	nan
0	nan	nan	nan	nan	3.6310924268542317	nan	nan
0	nan	nan	nan	nan	3.689915956265996	nan	nan
0	nan	nan	nan	nan	3.748739485677761	nan	nan
0	nan	nan	nan	nan	3.807563015089526	nan	nan
0	nan	nan	nan	nan	3.8663865445012906	nan	nan
0	nan	nan	nan	nan	3.925210073913055	nan	nan
0	nan	nan	nan	nan	3.9840336033248196	nan	nan
0	nan	nan	nan	nan	4.042857132736584	nan	nan
0	nan	nan	nan	nan	4.1016806621483495	nan	nan
0	nan	nan	nan	nan	4.160504191560114	nan	nan
0	nan	nan	nan	nan	4.219327720971879	nan	nan
0	nan	nan	nan	nan	4.278151250383644	nan	nan
443	8253.27917829282	4.356413703120276	3.637978807091713e-12	8253.279178292823	4.336974779795408	8253.27917829282	8253.27917829282
19	8055.845887476924	4.375870283237843	9.094947017729282e-13	8055.845887476925	4.395798309207173	8055.845887476924	8055.845887476924
5499	8327.95098366714	4.447693473761805	91.30179703502485	8268.404995822348	4.454621838618937	8128.412051821608	8327.95098366714
2311	8251.55068184896	4.492201041750648	0.0	8251.55068184896	4.513445368030702	8251.55068184896	8251.55068184896
8320	8329.425470604752	4.565032901316086	10.862851167133377	8318.579383630558	4.572268897442467	8308.631614788033	8308.631614788033
10421	8423.40664329659	4.6273142373323335	121.9512177240275	8300.926728455637	4.631092426854232	8172.777465937919	8375.449134053457
5057	8447.315140104465	4.67839548091612	133.7009304338508	8324.445558930227	4.689915956265997	8178.23693362132	8442.725838758544
2663	8443.418518397544	4.720995121939257	0.9552596763134066	8443.36947772356	4.748739485677762	8443.418518397544	8443.418518397544
7219	8650.596240753643	4.82717725704186	30.928441452326172	8617.05115299926	4.807563015089526	8588.535249339267	8588.535249339267
5107	8700.55724036555	4.876579411056454	67.36391944410461	8664.48626138364	4.866386544501291	8700.55724036555	8700.55724036555
2633	8737.50192178828	4.932873319784693	0.0	8737.50192178828	4.925210073913055	8737.50192178828	8737.50192178828
2009	8744.23415222306	4.974955906217587	24.3220505216026	8754.781467850982	4.98403360332482	8744.23415222306	8744.23415222306
0	nan	nan	nan	nan	5.042857132736584	nan	nan
4863	8859.200977158956	5.116553011492873	52.20556238189392	8830.819752053178	5.1016806621483495	8859.200977158956	8859.200977158956
284	8687.791783892531	5.143659660596568	1.8189894035458565e-12	8687.791783892533	5.160504191560115	8687.791783892531	8687.791783892531
0	nan	nan	nan	nan	5.219327720971879	nan	nan
0	nan	nan	nan	nan	5.278151250383644	nan	nan
0	nan	nan	nan	nan	5.336974779795408	nan	nan
0	nan	nan	nan	nan	5.395798309207173	nan	nan
0	nan	nan	nan	nan	5.454621838618937	nan	nan
0	nan	nan	nan	nan	5.513445368030702	nan	nan
0	nan	nan	nan	nan	5.572268897442467	nan	nan
0	nan	nan	nan	nan	5.631092426854233	nan	nan
0	nan	nan	nan	nan	5.689915956265997	nan	nan
0	nan	nan	nan	nan	5.748739485677762	nan	nan
