Y Median	Y Upper Quartile	X Mean	Count	X Center	Y Std	Y Mean	Y Lower Quartile
190.90648805739818	877.0877776871721	3.625995766896428	192	3.6216678344652173	1376.5675651859137	483.4257862024902	-43.98875143534383
-111.7811898267064	377.0310496520924	3.6579822692217685	352	3.660883520739727	1186.7761494703532	-213.64618145867723	-558.5252196186857
39.37287084359764	488.2430810181422	3.700941205737987	496	3.700099207014237	1142.2687091451453	91.22016221638543	-542.6813595330602
318.0841105025006	765.0758725815751	3.735295818702029	768	3.7393148932887468	941.7777713112104	268.6697079190912	-176.42934881739848
140.80991465701982	775.9814068108071	3.781769630594115	1152	3.778530579563257	1243.8051082674097	258.5215012299791	-162.42571598964196
92.64019775500206	630.1034681654223	3.821582620704063	1728	3.8177462658377666	1003.9416931260158	157.63097833584064	-293.65007341863793
150.49251837151223	723.5792470727692	3.856811794915905	1984	3.856961952112276	1257.7568387499668	298.6869221943491	-232.85914234284792
217.58834345595824	819.5369033484276	3.897868861887562	2704	3.896177638386786	1118.8385905081113	440.26467081164617	-254.2519982436288
102.65503559125682	510.3625412298461	3.9355405090301194	2928	3.9353933246612955	876.8395584742026	219.80216562009124	-280.7806400927557
118.01770058489377	643.4766191719145	3.9761508629535918	2912	3.9746090109358057	1000.2334554853503	264.23808260475795	-210.65384210508546
55.250446866237326	580.0088738059449	4.013798777006845	3536	4.013824697210316	839.1191771997421	276.3011932577514	-171.44176667192914
111.28719067979964	619.4867153798696	4.05304467723106	4912	4.053040383484825	753.0553144337089	277.87691937059026	-188.64590951394348
51.34739107570374	432.0961358567729	4.092229317856728	5744	4.092256069759335	868.5129864657408	195.40108835634175	-203.46785394698196
39.624287513434865	331.6551381559957	4.133100026895575	8336	4.131471756033845	678.5357931903044	167.92231578236317	-200.77322212148738
16.06165467316083	245.79751513658562	4.171927209529684	12928	4.170687442308354	683.1977503493018	90.48704812874963	-185.35047078576372
27.86912144595226	249.08154753070448	4.211763836591778	22864	4.209903128582864	590.1516836394261	127.96964956816508	-159.53571762885662
36.10450109901285	230.44477077286138	4.2502549276866	34448	4.249118814857374	628.4068197064404	121.79780412184343	-129.5272502634225
11.357469149638746	218.63056735190912	4.288785595322384	45408	4.288334501131884	583.9182305727624	101.95612021212476	-148.6988725909332
17.054230891822954	187.51343018836087	4.327918920824483	52496	4.327550187406394	547.955521379432	88.45358132477537	-126.11033998522817
23.114681626309903	183.5410440971557	4.366831556688344	57472	4.366765873680904	515.2552844780296	93.9982105115168	-121.83060390029823
9.73368351863337	160.0114911818573	4.406213710066453	60752	4.405981559955413	515.2655527108926	68.33560730309532	-121.31000444775782
11.60049135467034	149.93945004490024	4.445078074539528	64448	4.445197246229924	471.43918463850713	78.58861799948777	-115.08080575419262
8.619289390062477	135.62007898800312	4.484531171747733	65296	4.4844129325044335	453.1442353702753	73.03640489679258	-106.19552790050147
9.871859291035435	133.44420085225266	4.523471414116766	66288	4.523628618778943	466.9708979773472	58.267689179131466	-106.02303943610059
2.0920335082837482	117.33815933012738	4.562455815597367	64224	4.562844305053453	446.2167968385093	51.37401958252096	-104.9362277516284
8.66778899966539	113.27053423499092	4.602054681076642	62752	4.6020599913279625	429.5951595309506	57.36473459955991	-95.6005488270257
1.9845235734992457	103.43785040087019	4.641237087088587	63280	4.641275677602472	429.49092815832927	35.265148775570644	-90.42845749145908
4.3339303942238985	91.28793689121812	4.679635210038575	51120	4.680491363876982	343.4208986902879	24.876209630768063	-84.97443314582051
1.320933176163635	80.11622507346601	4.719665908826654	45104	4.7197070501514915	354.01069412997015	15.058690456380175	-85.51215020078234
2.3224836883396165	82.03865580090769	4.759086905181375	47744	4.758922736426001	303.49528469248054	20.817795606092368	-76.19654116715378
-0.012085008181202284	71.85317620351725	4.7989169670766625	57024	4.798138422700512	272.82146969593754	13.439548397603193	-70.11744133419529
-3.2380910668025535	64.3016757591322	4.837141657260973	58384	4.837354108975021	207.23729500609477	5.628112968939689	-68.67364448125136
-6.242195160961273	58.56896817903544	4.877442234676379	61008	4.876569795249531	193.67969614155945	-2.3121719223241737	-65.88820133671288
-2.7603350836770915	55.98932049436189	4.9159136470469385	70880	4.915785481524041	194.1637770407822	0.5975724198145017	-63.74370356667896
-6.129497509584326	52.47429982145877	4.9548248739053244	71920	4.955001167798551	195.4124409274807	-4.517069187641612	-61.40801356047814
-2.1435291613997833	49.30987978026769	4.994419897504347	65328	4.994216854073061	100.081063648908	-2.4807420497369908	-53.6520214079419
-2.9406999375769374	46.748353062939714	5.034115016230629	76080	5.033432540347571	115.20655830196834	-5.07750073806361	-54.12407989578696
-1.6384095166267798	46.08722802675402	5.072270617227487	72544	5.07264822662208	106.83144953644272	-4.546667679853116	-50.92644894615478
-0.37536655777148553	43.82909245512201	5.111148808765465	65904	5.11186391289659	104.85778430267132	-0.36934981277859363	-45.71070687485553
-0.6652139256093506	42.14010545386736	5.151096647314179	61696	5.1510795991711	103.33344482534446	-3.0289311068858416	-47.50885079448699
0.6103061248322774	40.51385919006907	5.189953294968362	54720	5.190295285445609	161.01164969896584	-4.72156541487451	-43.03434097479021
-1.0632822627940186	41.13501966528929	5.229112963228505	44448	5.229510971720119	138.0289764816626	-8.241825995072091	-43.92841963075443
-0.7059593046378723	39.641697032933735	5.267402860527862	35952	5.268726657994629	156.66328447783556	-5.8824473971221325	-42.57898111546547
0.09698837597352394	40.510605863115416	5.306116441008599	24272	5.307942344269139	82.56006569457672	-3.751804776638656	-41.236251416339655
3.4192569388596894	42.163904172806724	5.346598838953502	16944	5.347158030543649	82.18723235519242	-1.385551782001458	-39.853453979896585
-2.594243724399348	39.66156302909803	5.385420622863007	14736	5.3863737168181585	96.91576815288659	-9.087936458442343	-51.63240959720861
-1.9374401502800538	41.924763645096846	5.424522681030735	10432	5.425589403092668	235.46065941189883	-3.490642755966854	-42.840808433456004
2.2818565533343644	44.25438032529746	5.464369788944225	5648	5.464805089367179	254.41134831734857	-16.60485770379286	-39.71413534608291
11.195022721458372	62.51012316859487	5.500109489484453	2512	5.504020775641688	108.97736335753865	2.878613626382513	-27.941887154565848
-11.925488701992435	55.87038752039189	5.539566396443819	720	5.543236461916198	219.29215312193986	-37.54863301705092	-54.607156630092504
16.766997543850266	68.1427049458589	5.5800211131050395	448	5.582452148190708	100.1342723023079	5.421959228373778	-34.84726951763605
