X Center	Count	Y Upper Quartile	Y Std	Y Median	Y Mean	Y Lower Quartile	X Mean
3.6216678344652173	0	nan	nan	nan	nan	nan	nan
3.660883520739727	0	nan	nan	nan	nan	nan	nan
3.700099207014237	0	nan	nan	nan	nan	nan	nan
3.7393148932887468	0	nan	nan	nan	nan	nan	nan
3.778530579563257	0	nan	nan	nan	nan	nan	nan
3.8177462658377666	0	nan	nan	nan	nan	nan	nan
3.856961952112276	0	nan	nan	nan	nan	nan	nan
3.896177638386786	0	nan	nan	nan	nan	nan	nan
3.9353933246612955	0	nan	nan	nan	nan	nan	nan
3.9746090109358057	0	nan	nan	nan	nan	nan	nan
4.013824697210316	0	nan	nan	nan	nan	nan	nan
4.053040383484825	0	nan	nan	nan	nan	nan	nan
4.092256069759335	0	nan	nan	nan	nan	nan	nan
4.131471756033845	0	nan	nan	nan	nan	nan	nan
4.170687442308354	0	nan	nan	nan	nan	nan	nan
4.209903128582864	0	nan	nan	nan	nan	nan	nan
4.249118814857374	0	nan	nan	nan	nan	nan	nan
4.288334501131884	0	nan	nan	nan	nan	nan	nan
4.327550187406394	0	nan	nan	nan	nan	nan	nan
4.366765873680904	0	nan	nan	nan	nan	nan	nan
4.405981559955413	0	nan	nan	nan	nan	nan	nan
4.445197246229924	0	nan	nan	nan	nan	nan	nan
4.4844129325044335	0	nan	nan	nan	nan	nan	nan
4.523628618778943	0	nan	nan	nan	nan	nan	nan
4.562844305053453	0	nan	nan	nan	nan	nan	nan
4.6020599913279625	0	nan	nan	nan	nan	nan	nan
4.641275677602472	0	nan	nan	nan	nan	nan	nan
4.680491363876982	0	nan	nan	nan	nan	nan	nan
4.7197070501514915	0	nan	nan	nan	nan	nan	nan
4.758922736426001	654	0.006737460270081328	0.005234370169771754	0.0027021927101191826	0.001364778374889951	-0.004970573602351993	4.7647877591495424
4.798138422700512	3006	0.0005140890010605863	0.004287669231925331	-0.0028161316762279273	-0.002142021997320881	-0.005905811960617286	4.797943287766824
4.837354108975021	3423	0.005404563039319627	0.006813364071580789	-0.0013865271234183528	-0.0007216484306247094	-0.004501576172795194	4.832478280435166
4.876569795249531	4311	0.003567663520953145	0.004267921218531396	0.0005855427021641761	0.0006738169286393273	-0.0014206467126252034	4.878720712860694
4.915785481524041	4670	0.0025002198114285005	0.005973179519178716	-0.0023587916720777496	-0.0016185046993098659	-0.005596863374766033	4.914595891232782
4.955001167798551	6645	0.003583253278370685	0.005940020709136299	-0.0012569626098350454	-0.0012570030861708554	-0.004106330354899176	4.951054428177954
4.994216854073061	4065	0.004713011068046162	0.006220446875396936	-0.0048856971807346855	-0.0026594307305854506	-0.007703677248741356	4.996527179488093
5.033432540347571	6792	0.0035587411601514128	0.00658655465459488	-0.00017297224621471387	-2.0293816145477315e-05	-0.004123461070427966	5.033755577710972
5.07264822662208	4111	0.0025453904074303592	0.0045065649821869665	4.467142784836343e-05	-0.0008786161824186867	-0.0037784921829042274	5.0746343804522915
5.11186391289659	3529	0.005867745837192749	0.004991985214973472	0.002462940772930698	0.0015720270493923625	-0.003941583187177869	5.110148960955396
5.1510795991711	2533	0.006067281071265112	0.006837780566152942	0.0011134756719046188	0.0021935320254824766	-0.0036271674689158854	5.153251845938376
5.190295285445609	2254	0.004035285891579776	0.006039804370767497	0.0006546952069355191	-0.0004770429784285442	-0.0020048860465906584	5.184931469855285
5.229510971720119	2285	0.0060744712835436665	0.008331325023174118	0.0012976709206982226	0.0010121364254122823	-7.3492698393335205e-06	5.229712600793912
5.268726657994629	2419	0.0028252221621882616	0.0052122076039390185	0.0017673010110116926	-0.0006647977697285766	-0.0032880112296563065	5.269703281143918
5.307942344269139	2258	0.004969595321857549	0.004917480077811399	-0.0012986440858750847	0.0002852969939610488	-0.004118374041202536	5.307356617018323
5.347158030543649	1845	0.0029183129403454193	0.002719550365990301	0.0006015154852913783	0.0005692548012241429	-0.0013027271845985691	5.352208001974031
5.3863737168181585	2099	0.004796148109662158	0.003905031555495733	0.0026025647797531352	0.0016003877870155272	-0.0005979836396603526	5.389725671022707
5.425589403092668	166	0.0029845265205884963	4.336808689942018e-19	0.0029845265205884963	0.0029845265205884967	0.0029845265205884963	5.406959828004006
5.464805089367179	0	nan	nan	nan	nan	nan	nan
5.504020775641688	0	nan	nan	nan	nan	nan	nan
5.543236461916198	0	nan	nan	nan	nan	nan	nan
5.582452148190708	0	nan	nan	nan	nan	nan	nan
