X Mean	Y Mean	Y Std	Y Lower Quartile	Y Median	Y Upper Quartile	X Center	Count
nan	nan	nan	nan	nan	nan	3.6216678344652173	0
nan	nan	nan	nan	nan	nan	3.660883520739727	0
nan	nan	nan	nan	nan	nan	3.700099207014237	0
nan	nan	nan	nan	nan	nan	3.7393148932887468	0
nan	nan	nan	nan	nan	nan	3.778530579563257	0
3.8186413318075694	-0.1145933070241793	0.22412733614848324	-0.3387206431726626	-0.11459330702417936	0.10953402912430388	3.8177462658377666	32768
nan	nan	nan	nan	nan	nan	3.856961952112276	0
nan	nan	nan	nan	nan	nan	3.896177638386786	0
3.9400835145108726	0.1650177336780527	0.0	0.1650177336780527	0.1650177336780527	0.1650177336780527	3.9353933246612955	16384
3.960165547183914	-0.13461138669216807	0.0	-0.13461138669216807	-0.13461138669216807	-0.13461138669216807	3.9746090109358057	16384
4.020899337345966	-0.015656102864316044	0.0	-0.015656102864316044	-0.015656102864316044	-0.015656102864316044	4.013824697210316	16384
4.056380979754649	0.07395505312226812	1.3877787807814457e-17	0.0739550531222681	0.0739550531222681	0.0739550531222681	4.053040383484825	16384
4.100435995785297	0.0002756389730956977	0.041997830111657655	-0.020269030646694445	0.007563672734184151	0.028108342353974296	4.092256069759335	65536
4.145215010412786	-0.10986250828689668	0.0	-0.10986250828689668	-0.10986250828689668	-0.10986250828689668	4.131471756033845	16384
4.169806538877162	-0.05759097519002801	2.0816681711721685e-17	-0.05759097519002803	-0.05759097519002803	-0.05759097519002803	4.170687442308354	16384
4.213446010351722	0.03165945029376526	0.04404805857145787	-0.0018001678383408048	0.029752448882698356	0.04194410719628743	4.209903128582864	81920
4.252290927864152	-0.015719057118238906	0.055958787850823456	-0.031585910453963195	-0.003422383284933342	0.020131535749000583	4.249118814857374	131072
4.290396135837405	0.011465879384397873	0.012293337743884188	0.0021984384911135483	0.011495723781208845	0.017596977492070152	4.288334501131884	81920
4.331607432898803	-0.01768935894007114	0.02474568458131264	-0.03475975073668278	-0.001577924078024073	0.0016168925355217142	4.327550187406394	147456
4.363824761125061	0.0023292446396577437	0.03114714114399694	-0.030358141149179636	-8.023732906982312e-05	0.023981630011254702	4.366765873680904	81920
4.39589633087131	-0.01013133030795088	0.028452663402814955	-0.026298469833814786	-0.006241389659147105	0.0032567515981188205	4.405981559955413	131072
4.44916979018565	0.004569491769515283	0.013805431897664536	-0.0032641396581184184	0.004310514893550098	0.011996044499957814	4.445197246229924	131072
4.4813687425054045	0.005121708890401959	0.01151631569564505	-0.0014778247561211524	0.007776705191724738	0.010668373592530091	4.4844129325044335	147456
4.523337980767397	0.01474727943624934	0.011783434381177803	0.0020176435059377474	0.015108445173519499	0.025274768036581075	4.523628618778943	114688
4.564928232754993	-0.009468339120077558	0.007807804164706517	-0.015938445795922667	-0.00836877698218586	-0.0031245978936143095	4.562844305053453	98304
4.59833712710424	0.006166075855855599	0.015550714215386539	-0.008131131195668254	0.009011991999568644	0.019734999308514745	4.6020599913279625	163840
4.638550303709248	-0.008430836851328956	0.007320243855005387	-0.018143676276101986	-0.00667675784823716	-0.0004720764296477226	4.641275677602472	49152
4.685341895956213	0.005055147667549789	0.01040138421281837	-0.005346236545268582	0.0050551476675497874	0.015456531880368158	4.680491363876982	32768
4.717352916626276	0.0013266323035507923	0.007505975277303481	-0.004071485976470738	0.00020674984714409304	0.0033444441592353283	4.7197070501514915	98304
4.764674270399289	-0.004781942064788258	0.011604731247751474	-0.015748284213005972	-0.0067627818466657694	0.0059834039060025525	4.758922736426001	114688
4.795531606344319	0.001991518170558854	0.006455770452825479	-0.0037360816200724453	-0.0008936846356053498	0.01024626774298512	4.798138422700512	98304
4.826475566627277	-0.006116173378547321	0.002188563896045543	-0.0075486467140465485	-0.007231962826733672	-0.005799489491234442	4.837354108975021	65536
4.874958061588529	-0.006763299813053565	0.008381085687699828	-0.008573233306404575	-0.00305880787135671	-0.0012488743780057036	4.876569795249531	65536
4.91188716371287	-0.0008717405512252998	0.005275845838226899	-0.00420578184550135	-0.002534028062598741	0.0008000132316773091	4.915785481524041	65536
4.9529738473697105	0.0002716466292365139	0.006060814004889129	-0.003942476661498607	0.000707597420451138	0.004921720711186258	4.955001167798551	65536
nan	nan	nan	nan	nan	nan	4.994216854073061	0
5.02837554155499	0.0020871854278988176	0.0053751313894147825	-0.0011061382628874358	0.0008798012291792999	0.008514370177622747	5.033432540347571	180224
5.07333986064248	0.005130085009264651	0.0031243252237087094	0.0010709970854722588	0.005648018546664579	0.008671239395657115	5.07264822662208	49152
5.121227569984686	-0.0004559296028209467	0.002314250484174413	-0.003211771434743907	-0.00014837534371478966	0.0011915403564231183	5.11186391289659	98304
5.15550270446074	-6.968877640964677e-05	0.002994362028288652	-0.003174432835034471	0.00018296510186428618	0.002015804123548696	5.1510795991711	81920
5.200733585524089	0.0028498509373507	0.004263554135957699	-0.0003606591678050455	0.0013255743966984535	0.004536084501854198	5.190295285445609	65536
5.225751757859168	-0.0005905663577692464	0.0038361546409688475	-0.004426720998738094	-0.0005905663577692468	0.0032455882831996007	5.229510971720119	32768
5.281126167646591	-0.001743602130797936	4.336808689942018e-19	-0.0017436021307979364	-0.0017436021307979364	-0.0017436021307979364	5.268726657994629	16384
5.305574797795446	0.0019401967830290166	0.0011529464168320805	0.0007872503661969359	0.0019401967830290161	0.0030931431998610964	5.307942344269139	32768
nan	nan	nan	nan	nan	nan	5.347158030543649	0
5.400298508228202	0.0003865106031602087	0.002876148071067299	-0.002489637467907091	0.00038651060316020804	0.003262658674227507	5.3863737168181585	32768
nan	nan	nan	nan	nan	nan	5.425589403092668	0
nan	nan	nan	nan	nan	nan	5.464805089367179	0
nan	nan	nan	nan	nan	nan	5.504020775641688	0
nan	nan	nan	nan	nan	nan	5.543236461916198	0
nan	nan	nan	nan	nan	nan	5.582452148190708	0
