Y Median	Count	Y Mean	X Center	Y Std	X Mean	Y Upper Quartile	Y Lower Quartile
3.6162210983026126	224	3.617786196647277	3.6216678344652173	0.6283612957187547	3.6211036560482173	4.016686548843732	3.300357812808995
3.4886759303855017	416	3.557398386378103	3.660883520739727	0.6834626667989447	3.6655098124999275	4.162429858306705	3.046615145240441
3.651606375534544	544	3.6581107818484146	3.700099207014237	0.6712610725281136	3.703317857761856	4.106624092425933	3.185306027027388
3.9189902402444012	640	3.8582794998193655	3.7393148932887468	0.5890389496470504	3.7407315375030428	4.295556295144442	3.5848349146734404
3.7760452259642507	1088	3.785840802945355	3.778530579563257	0.591052492008279	3.778578818811342	4.116207357305431	3.4187045209510014
3.7594479559013405	1808	3.6903007815755964	3.8177462658377666	0.6205912861562843	3.8197611480655227	4.134060146974872	3.2992197825368685
3.6234292371950167	2320	3.619305640541696	3.856961952112276	0.621087906233581	3.8576544814093654	4.092000428946977	3.171714547193735
3.568021651814394	2608	3.630130489266723	3.896177638386786	0.5802349149279847	3.896391698473872	4.004367909789261	3.2066967089351306
3.7601301261055395	2944	3.699156508985777	3.9353933246612955	0.5874781989459262	3.936535270117012	4.04148096360392	3.2886831149613482
3.7265619358232227	3824	3.6726087003338304	3.9746090109358057	0.6276275162617871	3.9759675564308745	4.086634309874461	3.266381088102402
3.655092434528907	4272	3.633778265177595	4.013824697210316	0.627873941854732	4.013503803484759	4.079347376680219	3.194750738665789
3.636235319667782	5264	3.667186630618575	4.053040383484825	0.6208860953965654	4.053217599837514	4.1118305947911775	3.2496867643886587
3.699645561487073	6128	3.6850952526686465	4.092256069759335	0.6178006712682231	4.093073836782895	4.163539919437146	3.2719584895047635
3.6515525985389528	8208	3.612984270316197	4.131471756033845	0.5969796935426048	4.132850093214736	4.012554166650525	3.2350240073933483
3.585071936060676	13888	3.598033057984348	4.170687442308354	0.6174532858481878	4.172203565058263	4.032499942451167	3.1804297336769065
3.6001164513759054	24176	3.5908146046574885	4.209903128582864	0.601266955067974	4.211973768685253	3.9959976371299604	3.1966166228600534
3.5582125691653674	36512	3.560617847673336	4.249118814857374	0.5995988646845065	4.25011996622429	3.9709935683469806	3.158790500795412
3.578993804179431	47920	3.5694998236052116	4.288334501131884	0.577954246924541	4.288848682522309	3.9415433589835613	3.199402297564534
3.5606326843840614	58048	3.55196934514816	4.327550187406394	0.5851506335563657	4.3282047237883585	3.9431363605678094	3.181170434546332
3.546610081041867	60672	3.5310918205645785	4.366765873680904	0.585734871235077	4.366859329975035	3.919570337878654	3.1589990525654508
3.543677352143015	63152	3.5148360249838135	4.405981559955413	0.5741507096925709	4.406810670578414	3.9000781576865284	3.124831421993473
3.5171886081655552	67072	3.5014543798319746	4.445197246229924	0.5530203044793449	4.445436106422316	3.856560303065868	3.1536894660263988
3.504965552198817	67808	3.497194077539204	4.4844129325044335	0.5504716164872983	4.484493208909806	3.8564503734256785	3.135208034101639
3.5188059423446245	68816	3.4999252775309917	4.523628618778943	0.5569335705502938	4.523659867724288	3.860372485952153	3.162588002387217
3.493969980939045	66976	3.4853596728344374	4.562844305053453	0.5501235267524955	4.56290010521957	3.8434309980198593	3.1445371276237957
3.5089921062544795	66112	3.4951784643540336	4.6020599913279625	0.5402209473397007	4.601966636671498	3.839509728035744	3.1552617159553353
3.510381181688296	65248	3.489696778376053	4.641275677602472	0.5259460699433036	4.6409923211501445	3.8365515064997138	3.1593907099059706
3.4987411391196312	54048	3.4817659037476103	4.680491363876982	0.5112101074842778	4.6795641637241605	3.805039030946231	3.1649224917909224
3.5086471368156302	47072	3.491534550181244	4.7197070501514915	0.5042915505879925	4.720108123294378	3.8015544646375963	3.1952237924689033
3.507937212812716	48448	3.4943282578319397	4.758922736426001	0.4829191840480813	4.759219593948118	3.79015502809936	3.2112458703988844
3.5040782280849907	59344	3.493023249247103	4.798138422700512	0.46899543049845716	4.798932639249299	3.785327186148473	3.210690785667053
3.5075217137586927	59568	3.4843899437500627	4.837354108975021	0.44990331631376373	4.836884215175592	3.769578170194398	3.2316824296014355
3.534372020649416	63296	3.506290666985633	4.876569795249531	0.43503980854696966	4.877201345531279	3.772885954064865	3.2526813099142875
3.566422172826715	73760	3.548410624054987	4.915785481524041	0.41219073241298265	4.915977565739863	3.798817210719929	3.3149583092563133
3.5838969335879782	72592	3.562423440134963	4.955001167798551	0.388322290029314	4.95488888935886	3.794571965075206	3.3496537168390548
3.5923066098755587	66672	3.575002512960428	4.994216854073061	0.3699441930832694	4.994377147574653	3.8014187006645876	3.3712994715360862
3.6173068237237755	76928	3.597897065882881	5.033432540347571	0.3508888619629442	5.0339595024205925	3.809318384123008	3.4029418877427866
3.6367150191409108	73824	3.6296924373053225	5.07264822662208	0.3103196983381741	5.072250586754771	3.826835222898988	3.4538036304403663
3.6656516331402926	65712	3.668237018243842	5.11186391289659	0.29685343011923937	5.111230983501184	3.847328666698359	3.490553159596324
3.7121901331879688	61856	3.7152009234482977	5.1510795991711	0.28261417328778027	5.15106676543387	3.88122405623305	3.5457591836516484
3.756355308911613	54832	3.7613144798777554	5.190295285445609	0.26922461053974284	5.189639819629364	3.913238380431534	3.598599131809279
3.783230341069852	45056	3.793227156073665	5.229510971720119	0.25384384989105335	5.22895539186383	3.9436464022341626	3.6299126755551674
3.8251959058888945	35792	3.8385847860384974	5.268726657994629	0.23919332396117568	5.267324167002727	3.9760640932234805	3.680113294999784
3.8757183950116607	24592	3.8922451796784183	5.307942344269139	0.2413006676777224	5.305844626164724	4.038248309477949	3.731042941926604
3.935271644484354	17216	3.9555961327137905	5.347158030543649	0.24235591326932043	5.346627886562457	4.0876736270183045	3.8011157885636964
3.9755552273485657	14720	4.001126585598829	5.3863737168181585	0.228163494543344	5.385304967496854	4.121877139731152	3.847631899499628
3.9960834806412633	10528	4.016970331721318	5.425589403092668	0.19544670216457566	5.4244772775013645	4.129849521574817	3.8895607450180236
4.020562159603175	5744	4.027523918594039	5.464805089367179	0.19779216199297253	5.46432337935519	4.134955002885679	3.906184565407856
4.076942974854146	2496	4.094732716766424	5.504020775641688	0.20676297042159988	5.499784318935529	4.204300510081088	3.9710592430550835
4.0640345757451515	672	4.098175972087761	5.543236461916198	0.20558879462366403	5.540115412709083	4.179222021259778	3.989592802605276
4.0939008096950165	464	4.057789657355217	5.582452148190708	0.2489703763564646	5.580773619564847	4.241844930583922	3.9204240380552657
