Count	Y Upper Quartile	X Mean	Y Std	Y Mean	X Center	Y Lower Quartile	Y Median
16384	-0.022500994541994522	2.829492345389297	3.469446951953614e-18	-0.02250099454199452	2.8075630150895257	-0.022500994541994522	-0.022500994541994522
49152	0.040155288951056335	2.885403872791269	0.020425593235729064	0.012316101330138836	2.8663865445012906	-0.008277472777167276	0.0050704878165274475
49152	0.016755234699471176	2.9104629992285873	0.013251494724673182	-0.0008437040229247499	2.925210073913055	-0.015220913566407713	-0.004065433201837721
32768	0.03394606673744605	2.9926862531204454	0.019672676203482457	0.014273390533963596	2.9840336033248196	-0.005399285669518861	0.014273390533963596
0	nan	nan	nan	nan	3.0428571327365845	nan	nan
32768	0.015682340773853977	3.098690626547554	0.019872935587276205	-0.004190594813422224	3.1016806621483495	-0.024063530400698425	-0.004190594813422224
32768	-0.004987601708976319	3.154886171426877	0.0015821092241618978	-0.006569710933138218	3.160504191560114	-0.008151820157300114	-0.006569710933138217
0	nan	nan	nan	nan	3.2193277209718785	nan	nan
49152	0.02241799438615197	3.2965312776328983	0.015102273982805527	0.0016081865850656578	3.2781512503836434	-0.012959882414170147	-0.004633552216784859
16384	0.015400945494944682	3.3500300312270563	6.938893903907228e-18	0.015400945494944689	3.3369747797954084	0.015400945494944682	0.015400945494944682
163840	0.0058954695800541	3.3992262068562864	0.02094037287179938	-0.0028078456694128457	3.395798309207173	-0.01522075400906386	-0.005238808373680487
147456	0.0033888884177101773	3.45530515325356	0.01948762137543852	-0.003379371020202747	3.4546218386189373	-0.015038665630246565	0.002023667171872318
212992	0.0002176837668974714	3.5206500530029987	0.02178653262741216	-0.008682556075152753	3.5134453680307023	-0.0162803323140301	-0.010215333778269102
278528	0.0010295718359212857	3.578271692421542	0.017118308744350757	-0.009216745655994892	3.5722688974424672	-0.013616994130674933	-0.009386039559304385
114688	-0.009116144353686443	3.6183885201929074	0.011206686399696398	-0.020890498239367748	3.6310924268542317	-0.03013922777754317	-0.018667559812996625
98304	-0.0017874860552837366	3.7009284760016237	0.015612464226082725	-0.01358670763594201	3.689915956265996	-0.02155297000075152	-0.014902962478104551
81920	-0.02122774629383659	3.731909604124869	0.005709815910906329	-0.024123634614122653	3.748739485677761	-0.02706151878217797	-0.02446246791620774
114688	-0.016354189560460856	3.8058106616879495	0.010892639308312803	-0.022827673916231524	3.807563015089526	-0.03514300327518071	-0.0218643380123202
114688	-0.012806376672810985	3.870479735343752	0.012593356764168501	-0.023751884242614922	3.8663865445012906	-0.0398170047172868	-0.018907334073900522
147456	-0.012590477849866662	3.920809918038822	0.013702866792870912	-0.025111026896329453	3.925210073913055	-0.03776397819955381	-0.023582959812044273
114688	-0.02697210287268523	3.9892298650412306	0.006577120693701039	-0.030052436500839053	3.9840336033248196	-0.0368218945363692	-0.027576872419400544
180224	-0.020123025002972084	4.0516253048835	0.010835857715088238	-0.028667802091481606	4.042857132736584	-0.03612754889708907	-0.02696977576880759
114688	-0.021984248986874025	4.0881900194850145	0.010563267382231335	-0.029728013087530727	4.1016806621483495	-0.04244480818399676	-0.026210472479290627
49152	-0.01654786610493722	4.136145892199671	0.006959996495033148	-0.025007107788635973	4.160504191560114	-0.03359485316047421	-0.02487860410049646
98304	-0.011826927627246681	4.213339099067721	0.012643284115511928	-0.02051034555785279	4.219327720971879	-0.024900694868276414	-0.014589051856503894
0	nan	nan	nan	nan	4.278151250383644	nan	nan
16384	-0.004540268568788595	4.343121415484967	0.0	-0.004540268568788595	4.336974779795408	-0.004540268568788595	-0.004540268568788595
0	nan	nan	nan	nan	4.395798309207173	nan	nan
0	nan	nan	nan	nan	4.454621838618937	nan	nan
0	nan	nan	nan	nan	4.513445368030702	nan	nan
0	nan	nan	nan	nan	4.572268897442467	nan	nan
0	nan	nan	nan	nan	4.631092426854232	nan	nan
0	nan	nan	nan	nan	4.689915956265997	nan	nan
0	nan	nan	nan	nan	4.748739485677762	nan	nan
0	nan	nan	nan	nan	4.807563015089526	nan	nan
0	nan	nan	nan	nan	4.866386544501291	nan	nan
0	nan	nan	nan	nan	4.925210073913055	nan	nan
0	nan	nan	nan	nan	4.98403360332482	nan	nan
0	nan	nan	nan	nan	5.042857132736584	nan	nan
0	nan	nan	nan	nan	5.1016806621483495	nan	nan
0	nan	nan	nan	nan	5.160504191560115	nan	nan
0	nan	nan	nan	nan	5.219327720971879	nan	nan
0	nan	nan	nan	nan	5.278151250383644	nan	nan
0	nan	nan	nan	nan	5.336974779795408	nan	nan
0	nan	nan	nan	nan	5.395798309207173	nan	nan
0	nan	nan	nan	nan	5.454621838618937	nan	nan
0	nan	nan	nan	nan	5.513445368030702	nan	nan
0	nan	nan	nan	nan	5.572268897442467	nan	nan
0	nan	nan	nan	nan	5.631092426854233	nan	nan
0	nan	nan	nan	nan	5.689915956265997	nan	nan
0	nan	nan	nan	nan	5.748739485677762	nan	nan
