Count	Y Upper Quartile	X Mean	Y Std	Y Mean	X Center	Y Lower Quartile	Y Median
0	nan	nan	nan	nan	2.0294117647058822	nan	nan
0	nan	nan	nan	nan	2.0882352941176467	nan	nan
0	nan	nan	nan	nan	2.1470588235294117	nan	nan
0	nan	nan	nan	nan	2.2058823529411766	nan	nan
0	nan	nan	nan	nan	2.264705882352941	nan	nan
0	nan	nan	nan	nan	2.3235294117647056	nan	nan
0	nan	nan	nan	nan	2.3823529411764706	nan	nan
0	nan	nan	nan	nan	2.4411764705882355	nan	nan
0	nan	nan	nan	nan	2.5	nan	nan
0	nan	nan	nan	nan	2.5588235294117645	nan	nan
0	nan	nan	nan	nan	2.6176470588235294	nan	nan
0	nan	nan	nan	nan	2.6764705882352944	nan	nan
0	nan	nan	nan	nan	2.735294117647059	nan	nan
0	nan	nan	nan	nan	2.7941176470588234	nan	nan
0	nan	nan	nan	nan	2.852941176470588	nan	nan
0	nan	nan	nan	nan	2.9117647058823533	nan	nan
0	nan	nan	nan	nan	2.9705882352941178	nan	nan
0	nan	nan	nan	nan	3.0294117647058822	nan	nan
0	nan	nan	nan	nan	3.0882352941176467	nan	nan
0	nan	nan	nan	nan	3.147058823529412	nan	nan
19	9291.931977050093	3.2248474874014135	0.0	9291.931977050093	3.2058823529411766	9291.931977050093	9291.931977050093
443	9257.889244872125	3.2766376196458284	1.8189894035458565e-12	9257.889244872127	3.264705882352941	9257.889244872125	9257.889244872125
2628	9532.805146587243	3.3063994147672386	99.39010644678184	9456.157897027255	3.3235294117647056	9329.819104027	9532.805146587243
11979	9530.112647159676	3.3972516900805476	69.08329238044541	9533.310852106975	3.3823529411764706	9494.237401731292	9530.112647159676
521	9868.448039220035	3.466198004028516	0.0	9868.448039220035	3.4411764705882355	9868.448039220035	9868.448039220035
9656	9630.967818768695	3.4972748460617447	91.38540356089422	9633.983808040166	3.5	9563.65994053144	9630.967818768695
4074	9963.960101036153	3.5713322898978683	0.0	9963.960101036153	3.5588235294117645	9963.960101036153	9963.960101036153
6551	9982.471426977892	3.6031648124555167	101.91073135465956	9936.685461942589	3.617647058823529	9966.799127065546	9966.799127065546
0	nan	nan	nan	nan	3.6764705882352944	nan	nan
5877	10337.492874561256	3.7332140880960143	82.6230444327275	10297.345646308462	3.735294117647059	10260.690766265925	10337.492874561256
5950	10721.929351195862	3.806003946301825	82.86692036919784	10648.09917701721	3.7941176470588234	10555.089420940263	10721.929351195862
5400	11128.408303848732	3.843426607136313	352.5677943405977	10921.44670489168	3.852941176470588	10616.5436009834	11128.408303848732
0	nan	nan	nan	nan	3.9117647058823533	nan	nan
0	nan	nan	nan	nan	3.9705882352941178	nan	nan
3750	11322.431337675094	4.005864468035043	3.637978807091713e-12	11322.43133767509	4.029411764705882	11322.431337675094	11322.431337675094
0	nan	nan	nan	nan	4.088235294117647	nan	nan
0	nan	nan	nan	nan	4.147058823529411	nan	nan
0	nan	nan	nan	nan	4.205882352941176	nan	nan
0	nan	nan	nan	nan	4.264705882352941	nan	nan
0	nan	nan	nan	nan	4.3235294117647065	nan	nan
0	nan	nan	nan	nan	4.382352941176471	nan	nan
0	nan	nan	nan	nan	4.4411764705882355	nan	nan
0	nan	nan	nan	nan	4.5	nan	nan
0	nan	nan	nan	nan	4.5588235294117645	nan	nan
0	nan	nan	nan	nan	4.617647058823529	nan	nan
0	nan	nan	nan	nan	4.6764705882352935	nan	nan
0	nan	nan	nan	nan	4.735294117647059	nan	nan
0	nan	nan	nan	nan	4.794117647058823	nan	nan
0	nan	nan	nan	nan	4.852941176470589	nan	nan
0	nan	nan	nan	nan	4.911764705882353	nan	nan
0	nan	nan	nan	nan	4.970588235294118	nan	nan
