Count	Y Upper Quartile	X Mean	Y Std	Y Mean	X Center	Y Lower Quartile	Y Median
5126	6731.015778083642	2.8090494024745807	866.8877382611136	6156.0549358078015	2.8075630150895257	5462.498543523283	5954.529682696112
6863	6871.637423350507	2.867690698841937	956.1809686343001	6282.211816655898	2.8663865445012906	5519.041144019397	6087.898852987796
8887	6982.012640662086	2.9262970813764277	1034.504388893995	6395.461350745118	2.925210073913055	5592.832636479934	6175.045917792897
11148	7086.373568114521	2.985018029704467	1117.6183444378457	6520.083102026404	2.9840336033248196	5640.1938791704615	6301.109520509786
14354	7279.545378081734	3.044081494438174	1213.8001267136913	6684.9485839880335	3.0428571327365845	5735.049400687601	6458.053952515384
18037	7496.843466936389	3.1026410661503245	1315.4928348933963	6849.998191031871	3.1016806621483495	5829.479281499069	6600.609438442118
22197	7752.580953872016	3.1613770358606263	1424.43823361491	7060.213199130586	3.160504191560114	5975.943966663978	6778.497092991894
26881	8028.1836276048325	3.220289593851616	1532.0944629246153	7311.954580331877	3.2193277209718785	6171.050210897721	7000.452548613383
32645	8283.978278002956	3.2788992472014664	1638.0946206558328	7542.60764910826	3.2781512503836434	6357.6753728372805	7177.305871638613
39012	8571.827399033318	3.337833859348621	1737.0173012338962	7810.410180858718	3.3369747797954084	6576.543692682704	7404.67450296782
46322	8870.236368927815	3.3966368897290584	1808.7045725346288	8073.734038416006	3.395798309207173	6794.702511505589	7643.351861538862
54690	9148.536984713635	3.455313977669461	1849.9536135968235	8313.78156130378	3.4546218386189373	7019.99561127394	7856.190426985298
63135	9441.805791963518	3.5142214268508583	1842.8251661093668	8546.549288770648	3.5134453680307023	7259.404058014823	8068.086853324434
73405	9678.979751698522	3.5729177821675386	1782.5235477656097	8737.005085126479	3.5722688974424672	7480.788982659373	8261.70686051935
83810	9939.643698202884	3.631769647631707	1749.3121034711605	8953.805380117523	3.6310924268542317	7706.201684634061	8491.876027395338
96106	10155.510459480787	3.69052955223333	1742.9654162553095	9169.5995919804	3.689915956265996	7912.163223098464	8737.57711635662
106939	10326.371744401888	3.7493493038921626	1755.8699376594873	9372.877061371804	3.748739485677761	8079.918781427343	8975.28695991267
117385	10435.238410436446	3.8079726025824248	1746.5776659158926	9550.962411847766	3.807563015089526	8239.867935083415	9197.697818389488
125424	10483.4314531604	3.8666621323947834	1696.6797813541496	9675.606327217856	3.8663865445012906	8396.145318777282	9347.550966131317
130332	10595.145107282191	3.925368087249358	1627.182231190354	9754.024580444475	3.925210073913055	8544.115293964438	9400.8584547639
132906	10685.175584946728	3.984110436520806	1539.7245152023643	9825.542188761934	3.9840336033248196	8703.99017992434	9455.556851697807
132178	10619.974266854244	4.042767781585318	1438.6015088717645	9871.808567822498	4.042857132736584	8858.493176375856	9536.251951909031
128260	10555.495885755055	4.101478385600805	1348.748246663511	9934.246057432465	4.1016806621483495	9003.720275862175	9662.78579309976
119826	10570.626747555507	4.160080577638957	1255.4276349088382	9988.21803071762	4.160504191560114	9134.95438812609	9775.652314474897
107990	10636.207546090573	4.21875176655728	1170.60055218314	10040.180790021433	4.219327720971879	9230.640516090843	9872.06387628723
93213	10668.81561618231	4.2772490563130825	1094.2042558628966	10067.906272397231	4.278151250383644	9299.462023248923	9922.460178477422
77093	10673.362560594001	4.336051504611817	1046.1329264664664	10097.978614713298	4.336974779795408	9374.634238889894	9960.261189765932
62408	10631.578922869348	4.394798805902467	1009.0838039729931	10087.253454983062	4.395798309207173	9394.313307486012	9964.976999854054
49884	10603.609508495525	4.453450120608225	955.7992120189231	10068.643550285002	4.454621838618937	9390.640820144108	9973.221591377645
39046	10593.515190744252	4.512198021987975	915.4270558207644	10063.106625005437	4.513445368030702	9409.439638841484	9965.945896297728
29573	10599.109314917676	4.570837240033772	886.2186751553859	10072.044186858964	4.572268897442467	9449.229350779484	9974.09925380769
22491	10610.142638734113	4.6299162087571855	884.9950759314542	10077.48102005233	4.631092426854232	9437.517542031675	10000.820449469598
17901	10608.191575136518	4.688883151329733	901.3226456975348	10048.098958678349	4.689915956265997	9346.199120457411	9959.115562958339
14965	10647.875950319873	4.747908103195387	892.2002124225675	10070.009373711313	4.748739485677762	9354.59015046797	9930.460882726456
11707	10756.531953852758	4.805819558578748	880.9922813674636	10203.730938927629	4.807563015089526	9535.475425780387	10069.737923016712
7643	10829.711514629606	4.863967387017072	865.1792007497384	10361.006204090188	4.866386544501291	9746.921123384047	10298.336160077419
4860	11083.548301746807	4.923184613587192	871.2920670835587	10615.057906649854	4.925210073913055	10049.149681211697	10540.62109181127
3287	11386.702307847178	4.982283783216762	899.134517835384	10867.324001350735	4.98403360332482	10301.448851517565	10830.46484282335
2023	11707.943229146484	5.0396965812574	963.2350467273608	11143.389653185082	5.042857132736584	10482.06403539436	11128.209661236408
1119	12070.324063163522	5.099316313641722	1091.0203477596074	11434.997245443843	5.1016806621483495	10766.717540622969	11447.712042246658
687	12278.355468227315	5.156970801552157	1171.427598656862	11570.545341497736	5.160504191560115	10953.513231366953	11624.493698740067
333	12291.714961732667	5.213973283583447	1191.094973156497	11475.873477424419	5.219327720971879	10893.481386654821	11622.689463967361
89	11959.295842767808	5.271091220657565	1191.9798553347525	11432.5384700778	5.278151250383644	10842.940300742208	11421.506218324828
32	12419.553629157701	5.336602652160305	1565.7578670506425	11598.536695020466	5.336974779795408	10844.968381608827	11968.533895212753
10	13417.694574311916	5.388047157035473	1471.0821378074058	12455.637574449662	5.395798309207173	11903.88010974649	12958.262846864294
0	nan	nan	nan	nan	5.454621838618937	nan	nan
0	nan	nan	nan	nan	5.513445368030702	nan	nan
0	nan	nan	nan	nan	5.572268897442467	nan	nan
0	nan	nan	nan	nan	5.631092426854233	nan	nan
0	nan	nan	nan	nan	5.689915956265997	nan	nan
0	nan	nan	nan	nan	5.748739485677762	nan	nan
