X Mean	Y Upper Quartile	X Center	Y Lower Quartile	Y Mean	Y Std	Y Median	Count
3.6223830539508888	667.5328233880264	3.6216678344652173	-444.77629198805244	193.54255038083434	1211.1193010906422	-37.80795872374438	292
3.662607794963857	655.4100345759714	3.660883520739727	-707.4953207746792	115.15184126398275	1437.8493745939784	11.092365579573269	368
3.7015083819756307	534.5390879651386	3.700099207014237	-721.9390289430621	26.574179915119096	1434.3731718611104	-21.37709001541134	516
3.7394183791759077	993.6411749623426	3.7393148932887468	-622.1466306497359	158.79437755495164	1566.0189410585879	38.0336655735191	588
3.7778513991819063	1074.0802516171752	3.778530579563257	-501.5400081045964	307.8583619347642	1507.1978319866107	77.08205420267976	828
3.818021267758981	778.4098044072043	3.8177462658377666	-364.69697723383524	182.5664097395026	1268.7712808576937	122.86742590333915	1064
3.857198943076313	860.9584827379895	3.856961952112276	-451.3726978233499	176.11687654739697	1324.4181044079921	137.049910240401	1396
3.8965406042713733	1020.8165349254568	3.896177638386786	-303.83581249023064	443.9013336253449	1298.41580162084	235.51500757459507	1564
3.9360809901834983	871.2347890740004	3.9353933246612955	-501.0549744418545	270.0130147044264	1418.4984160428219	128.82960652362954	2032
3.975113073547049	990.7248248929009	3.9746090109358057	-351.0711888208896	357.4517963428526	1434.4879299224144	144.91097010911108	2288
4.015094611815286	891.6511919589489	4.013824697210316	-344.1707038153727	326.7636726164241	1331.23028308401	91.75278494784834	2928
4.05372735046158	686.0112365675277	4.053040383484825	-336.171330846797	256.36854189857775	1169.4645800316	106.84921940175059	3620
4.093214658304073	609.1879172052361	4.092256069759335	-334.7892266960673	210.43138058738253	1072.849666652585	89.55120951189352	4928
4.132610472905317	639.4292831298508	4.131471756033845	-292.8865534834149	226.8859873645266	1087.8589230253176	101.95876636681714	7180
4.171731931530164	528.9307765786307	4.170687442308354	-244.39008624300368	207.14789186621513	917.39825966326	68.74060721211026	9964
4.211427474615275	485.73234166238353	4.209903128582864	-265.42196585006604	169.42549587323475	931.6589073884016	60.47835175468208	14704
4.250022826480972	464.46686529032104	4.249118814857374	-226.51183673479682	199.8981599841132	865.4544941636532	71.42769184538095	19544
4.28886996152711	464.6767902105148	4.288334501131884	-220.5646048325516	191.94581287286536	847.4445734813593	64.55734616658162	25288
4.327907121356706	438.68851733609335	4.327550187406394	-206.83521796545574	203.23868711134588	816.8753282959074	71.86390658853634	30596
4.366935205454432	422.1230203494806	4.366765873680904	-194.43838855400554	195.34110200089248	772.4553858387013	75.6338050266815	34728
4.406317464401638	399.4473561067125	4.405981559955413	-181.006633734748	193.86932519825703	774.9830068282845	65.55107353359307	36940
4.445309700943686	372.58157046436463	4.445197246229924	-168.12522598659598	187.7479265819006	733.9996028514263	59.385828319865595	40000
4.4842736145961615	346.7850240222688	4.4844129325044335	-178.55003671700433	169.95583855254034	714.4148317374671	51.4269705339475	40748
4.523612800868365	335.5552713774914	4.523628618778943	-163.7695578344128	173.7869069087201	692.6665553725649	59.350764268771854	40392
4.562534753942711	310.0455185688946	4.562844305053453	-158.52548709814073	164.5440047172694	685.0349365453034	44.60957417051941	40376
4.601990891486079	298.24126241107206	4.6020599913279625	-155.98507965392037	160.2649242414166	665.3863762326592	43.76197188932019	40436
4.6410025457115225	267.24530763116854	4.641275677602472	-158.4247989310952	140.94481739483476	660.7941986189599	37.86698336435529	38452
4.6799986345587925	258.42050711448337	4.680491363876982	-141.55826032227117	131.5882291944583	629.6123990466338	40.57431051376898	34752
4.7195132172800545	218.57155952489393	4.7197070501514915	-149.95227187106775	103.61360003742672	589.837108885068	22.68059337422801	31160
4.759167573552696	195.52562570446025	4.758922736426001	-143.5987363194963	92.4012493926763	577.907399787097	15.318965187620051	32492
4.798690866300583	166.29628126313264	4.798138422700512	-144.0490394644628	58.3629668315637	543.3555505904353	7.868274501308406	39136
4.837424940733517	156.72439274011504	4.837354108975021	-135.46861401418573	60.3740404059844	513.9328594938747	8.18054774591019	40996
4.877167957284741	150.46447205600543	4.876569795249531	-123.63236048274666	53.57811515028281	468.82218964885806	7.37305436997849	44936
4.916141754834813	136.9269614214627	4.915785481524041	-124.39180032302738	39.19763697127159	434.14788216065574	4.323894177806324	52408
4.954931852364763	124.72594104859309	4.955001167798551	-118.26698697159372	25.670723367542294	447.15359220938996	3.8418994030444082	54780
4.99442830857919	116.30471677472997	4.994216854073061	-115.5694939762252	20.754743650784192	387.5802112438305	-2.982456557243495	53688
5.033893153782203	102.50733156904062	5.033432540347571	-109.87003641657157	9.7441648188021	362.6123922572295	-4.908880072858665	60728
5.072470339789374	96.19101526390114	5.07264822662208	-103.59683717064217	4.5830778577191875	356.1998285666936	-2.88931947817764	62168
5.111752940055632	93.25918708802237	5.11186391289659	-102.33911156212525	1.2514970433265513	320.34606715372894	-3.853224853597567	57012
5.151052881856652	86.13636120189858	5.1510795991711	-93.17800605480716	-8.820873691969462	322.3374449131404	-2.864347504095349	54224
5.18974946000296	88.28609858479649	5.190295285445609	-91.44175144983365	-6.775571632181334	350.31997140532513	-0.6156224648057105	49404
5.228938778463858	81.13867561580992	5.229510971720119	-89.10667183242003	-8.286644991235466	323.8178766729054	-2.7567874613072263	41912
5.267623661430968	82.05180729545805	5.268726657994629	-86.39941120090407	-7.761347794793346	330.34880140650563	-1.719202201240023	32944
5.30638453091952	79.74737946036521	5.307942344269139	-81.91560490800043	-3.7767917580892036	310.0685019314076	0.42938876477728627	22960
5.346467663382832	85.23383663107859	5.347158030543649	-83.14578619777421	-5.8875161408354355	348.0479564410505	-0.3991582701082734	16296
5.385524137785324	79.88570751293446	5.3863737168181585	-80.93979347642926	-7.364936488310319	349.34562390281195	-1.8129862509713348	13384
5.424025328387638	82.4401313438193	5.425589403092668	-78.47035958857668	-9.261471726590134	332.56334647522135	4.421967797636171	9972
5.4630649881016735	74.75144288007459	5.464805089367179	-78.81075542819735	-20.834177647721756	370.4804992369456	-0.48336013628795627	5328
5.500395613880836	84.96688507243744	5.504020775641688	-92.22749307150843	-17.73353090120679	448.04531378384064	3.178530789022261	2492
5.539799371156973	87.41932085959525	5.543236461916198	-82.48845090227314	15.33886668701821	321.1750808713855	16.690549468941754	688
5.582351563549254	53.01557775012043	5.582452148190708	-138.62575130564255	-49.82774727296453	303.27594400865036	-33.09355705708731	308
