Count	Y Median	Y Upper Quartile	X Mean	Y Std	Y Lower Quartile	X Center	Y Mean
401	-3.813643051883105	1021.6200678050327	3.622396448356009	1848.5842704564163	-989.1817852687009	3.6216678344652173	63.96938042468773
417	-23.872000687497106	785.3915130804671	3.662260995551794	1787.3168677290541	-1017.3434307461666	3.660883520739727	-37.83916225838678
508	-73.06102443166537	888.7431197388078	3.69992892797962	1703.3592487129476	-860.3515007825149	3.700099207014237	67.77763739606759
601	-41.118604191577106	617.9664634626861	3.7391241203761307	1648.4231005674465	-896.032671060022	3.7393148932887468	-91.60498585886094
760	-34.10230224939096	891.6569920231341	3.7786949000607843	1760.8549955980009	-941.8484390778135	3.778530579563257	53.32211696430607
873	4.505114288242112	881.6787284426337	3.8183124815978977	1756.4153445428378	-909.4859034446084	3.8177462658377666	66.51590567634959
1153	34.61362707123226	1002.48064568683	3.857903312093906	1779.5729752343223	-684.765047350219	3.856961952112276	206.59576677735703
1360	14.955524956504604	804.4229357272269	3.896775147758207	1664.670902597928	-805.1849154541201	3.896177638386786	78.21160702916507
1736	49.526416505938144	958.713712829348	3.9359974471016237	1632.6144121481361	-632.1228742729486	3.9353933246612955	214.12735113548118
2284	49.7798995011145	858.5584292918759	3.9750834603387477	1577.6657831312361	-624.4359547801944	3.9746090109358057	170.89944293546174
2812	37.003894758917966	809.149083871167	4.014739531552845	1559.0367363471648	-647.8832242858014	4.013824697210316	123.37825399948424
3606	63.122981422618366	822.0971991539682	4.0537794744021065	1535.2878345979643	-591.8099609386727	4.053040383484825	160.84806692786808
4440	64.2124291151898	817.8071356713656	4.093193396487439	1444.6783845626155	-551.417911048648	4.092256069759335	196.3108879649558
5939	69.96720694297437	769.1271104397215	4.13228942236493	1369.8863788427002	-504.6050558959191	4.131471756033845	182.87319667920778
7689	75.45058788497954	749.3096505165267	4.171512902953465	1329.5749152298065	-477.832538874045	4.170687442308354	185.97101603822802
9767	92.32746051723188	773.7734508143253	4.210692603197056	1310.535315077781	-463.4704949396696	4.209903128582864	198.66547574252922
12370	106.9510018864275	774.1270415906067	4.249890942692593	1247.4552362409145	-418.6022592731606	4.249118814857374	211.8259836152985
15168	121.66250965786503	769.259119765961	4.28899909616305	1190.963396304967	-361.68262140029424	4.288334501131884	260.9730561544273
18076	134.27627987841151	799.7881325478049	4.3280595835973585	1168.1630290462358	-337.3639437277875	4.327550187406394	270.07411217795436
20634	147.07419719574182	808.7155970338931	4.367195389626157	1153.6047589596556	-317.2441343761461	4.366765873680904	301.07495575102143
22782	146.54945457176058	788.0209808685963	4.406094053275568	1137.3440404451096	-304.9076167727163	4.405981559955413	300.34378165270255
24248	155.14980661979553	778.6237813751729	4.445445552989092	1087.3364499615925	-271.95306198578874	4.445197246229924	311.0750721201735
24741	144.51794743353094	743.842429920981	4.484375307743845	1047.4203575176919	-275.1364355569358	4.4844129325044335	297.58136176051636
25147	149.50567625699478	732.3885835874971	4.523600895378924	1021.1564411961093	-257.0215970570748	4.523628618778943	303.11325329335097
25140	147.37610641793532	715.5042235229109	4.562832950068714	1007.3563400294622	-239.12415952864467	4.562844305053453	308.7115545396561
24431	137.8459668765554	686.5767802320643	4.601805673370489	983.4849701551301	-227.03884799698426	4.6020599913279625	309.66534873716864
23241	121.255903289456	630.6423632713927	4.641163471027362	943.1702071865068	-228.98105148260038	4.641275677602472	278.6625044538158
21610	119.45846335371331	601.3849483108092	4.680188156694616	933.0253616233583	-223.20428118589072	4.680491363876982	277.96344306980995
20484	104.86505698004137	549.7259442008851	4.719622347804989	886.5892596414137	-214.11587823444495	4.7197070501514915	263.6759289255244
21032	80.74865641396718	488.50987464940135	4.759186622253522	851.313582351574	-221.61475900920027	4.758922736426001	228.1516457488666
22968	68.10988818252754	427.2589617168303	4.798506325577862	804.0256414996607	-218.28593337219354	4.798138422700512	196.65132529882789
25390	56.62319208131066	387.85914954640543	4.837826591018978	766.7047688351798	-212.33048896296668	4.837354108975021	176.83300306021232
28301	50.82418778847568	364.2552378818482	4.877057671393395	744.199048261253	-204.95507020794685	4.876569795249531	165.54768381172653
31799	42.60951053020108	329.6466658606123	4.9161805588407415	718.467085404222	-199.54251187427417	4.915785481524041	146.2636457996648
34209	36.64786351619932	304.393247443837	4.9549974381391	694.5041142585338	-195.8722647757795	4.955001167798551	136.99090323292785
35833	32.87134983447868	280.8678199803253	4.994421007990979	668.0774107615695	-191.1506470261511	4.994216854073061	115.7955658700724
39467	20.13540175786602	250.4534652906168	5.03375178177009	627.1765211968669	-189.08096994475514	5.033432540347571	93.34004477833965
41104	21.241911174774827	235.71401932371896	5.072672262104872	600.6702965396391	-174.77529004835787	5.07264822662208	80.95812779922557
39668	20.189982102819215	227.20623056067166	5.111778771222666	580.7659951017857	-170.35513798440252	5.11186391289659	72.69477629304423
38383	11.156651368857638	201.45581405314942	5.150945370806298	545.0335185447817	-168.8632365059675	5.1510795991711	51.02555988254401
35472	9.577212065910771	191.36526195855163	5.1897826099059925	537.3206975438616	-159.50438308922867	5.190295285445609	41.077581340724755
30697	12.437232099947948	189.0710609863736	5.229106811930799	512.2027025585375	-153.5074024943442	5.229510971720119	37.212834886614004
25048	14.07590383610659	184.64337370559065	5.267806909404219	528.2946954662472	-147.8604718356696	5.268726657994629	39.634834014242934
17979	15.573642537598062	175.7555381646839	5.306766368376338	514.5630551093843	-146.39315969584004	5.307942344269139	25.40382599144746
13222	11.932513746205132	166.3230796522016	5.3464581555946395	513.5729582257967	-148.84689417741083	5.347158030543649	9.877602813370368
10751	10.21727816913517	159.67028066484272	5.385691648966146	507.8989299208278	-139.4648438927552	5.3863737168181585	15.754123365426688
8002	9.265531375383034	158.34654869015048	5.424452376760328	505.48463154065814	-130.0059388530965	5.425589403092668	12.561019860739886
4755	18.078191453207182	161.07780783144653	5.462529810547944	502.4116631505884	-126.0820851735889	5.464805089367179	20.41535096666537
2208	25.30435947091064	180.14547397068281	5.500685763310447	485.2047932774019	-120.61240712359702	5.504020775641688	18.75024254978068
640	26.349787032201675	177.7778384622443	5.538919333405078	657.4152948643284	-109.45500978140171	5.543236461916198	4.162584676299128
190	60.429449479749564	232.3543710969675	5.5790516190726995	497.62239481402565	-109.0116073350905	5.582452148190708	98.60289101791135
