Y Std	Y Mean	Y Upper Quartile	Y Median	Y Lower Quartile	X Mean	Count	X Center
nan	nan	nan	nan	nan	nan	0	3.6216678344652173
0.0	-41.31436489790303	-41.31436489790303	-41.31436489790303	-41.31436489790303	3.6502156598201214	256	3.660883520739727
2311.003505933013	-1476.185188533421	186.78717521532053	128.92420430458878	-4744.266945120173	3.7040960193383463	768	3.700099207014237
737.5757723726412	-595.6199018989942	-201.85490933137794	-288.60678479399076	-682.3717773616072	3.7406447229290656	1024	3.7393148932887468
605.4932354990286	-223.51656878219578	217.31267707945608	-133.00587700597407	-245.44130167260482	3.7810556364991093	2560	3.778530579563257
213.6837890529227	6.965080380932323	36.68775319104407	-20.013913986421358	-87.63370360293459	3.819517595999498	4352	3.8177462658377666
394.79445867606324	146.38619481002775	340.0993266503028	36.52562648532421	-83.20518301575248	3.857922157049302	4864	3.856961952112276
411.72450238961306	41.34868234544357	101.52497040497474	-72.01090879418007	-258.298057859447	3.8993071007139735	6656	3.896177638386786
521.7098779244903	159.37008265474265	151.12580273693675	-8.238620221991368	-82.21801114999835	3.9343503857252706	4864	3.9353933246612955
618.1829991055266	316.51140354342954	555.6240947395536	36.20927928727997	-77.95756719725705	3.9755770136788553	7936	3.9746090109358057
345.27655657641145	44.77468052641847	105.05967653841526	-7.852300389014999	-92.48918230804156	4.0146357148403125	9984	4.013824697210316
244.8098730490955	66.30615465126517	125.85441942106627	39.14549980636639	-45.64988895523402	4.0534078385845165	14592	4.053040383484825
220.03909695875012	73.88649834740389	134.21475379302865	35.44146721267134	-28.162955418563797	4.090641695827692	13568	4.092256069759335
216.00226822145174	56.203716053341516	82.79778828187591	8.637030565416353	-88.06708227048694	4.1328737372837265	14592	4.131471756033845
240.50094871048933	46.538253572613314	47.79017396312338	1.1460724044177368	-55.89058252625546	4.172519755147321	22016	4.170687442308354
349.08689765992125	-1.931802496443881	40.13619299788843	1.9810382797109014	-40.8140201569513	4.2131487011641315	47616	4.209903128582864
149.6455236450225	21.78827225607614	38.46786599253301	-4.0485538136849755	-42.297511080770164	4.250943906502844	72192	4.249118814857374
135.07954352840994	17.198887922313666	36.98377313440869	2.490528016753615	-33.59611090824819	4.288956465941921	78336	4.288334501131884
100.5715776008991	12.743055223988659	42.20305070393897	2.764002667830937	-33.361350932850655	4.328027825378295	98560	4.327550187406394
85.59644655305418	-1.6086757856054725	26.494022020114244	-5.230656284785255	-34.53572334083583	4.366652344781293	98048	4.366765873680904
77.42185432843105	2.6418066147604735	29.7915459869364	-1.6943356199517439	-36.63878648896866	4.40657737393727	105472	4.405981559955413
69.31489147842615	2.9107290858276667	23.904200422213762	-2.6701579882337683	-32.24948908760871	4.44494464892221	105216	4.445197246229924
63.487175855966484	-0.3081675894755039	22.779031721186584	-2.7095354349976333	-29.262705715939774	4.484410114040137	103936	4.4844129325044335
55.04318061876762	-0.258553649567232	23.48239291752816	-0.5095593157257099	-27.512438801292774	4.523117866427677	104960	4.523628618778943
73.16933040410046	1.7682045454171211	22.5876170171623	-0.9814851368482778	-30.13604785638927	4.562528180270556	103680	4.562844305053453
35.03526270134956	-4.0164097273381865	19.117339837865075	-3.9883825357683236	-25.573198371043873	4.602555874782473	99840	4.6020599913279625
35.1951206884549	1.5292603762824581	27.4620963436264	0.5618565404047331	-21.993163590484528	4.6414571724524505	89088	4.641275677602472
32.48493080082566	2.4700251762890044	22.178050578741022	1.7533579859091333	-16.48930478285729	4.678880215732065	75264	4.680491363876982
40.57658614444044	-1.031346714954724	18.300429632178748	-1.8077447534160456	-22.790932977066404	4.720234635715912	61696	4.7197070501514915
30.523434066762913	-0.6432970700758626	19.25617143767795	0.4805501929604361	-21.74605366578271	4.759284204966796	58112	4.758922736426001
25.852025976506038	1.4905636751519882	20.072684170460434	1.5169238401831535	-14.55246632759031	4.800792738290762	71680	4.798138422700512
24.2273189309548	0.6844061009747007	18.230961814397233	-0.25623053928757145	-17.183682620027867	4.836712760071036	62208	4.837354108975021
25.75254145993631	-0.3722699906597307	15.6676157200518	-0.723091043131717	-17.765923404847854	4.877276500600979	70912	4.876569795249531
22.501915475020926	0.868106811340497	13.470511762427122	-0.4878604248169722	-12.927101542016317	4.9160888036457955	76288	4.915785481524041
23.465730695463172	1.4320890483141335	16.39071016530761	0.5137021226146317	-13.054279977131955	4.955033664462257	78080	4.955001167798551
23.79580234938708	-2.078551354343018	11.464271057953738	-1.665501103346287	-16.77733281622932	4.993814643748777	64256	4.994216854073061
23.08745818932436	-1.4824509903516885	12.898099860736693	-0.8411251475899917	-15.930919504859048	5.034307139775975	85760	5.033432540347571
21.895811523487374	0.8081773693082924	14.573949851966972	1.7445124448586284	-12.119246855036181	5.0731947559947885	71936	5.07264822662208
20.461562655620146	2.1809346598593615	16.761488369393646	2.883723018498131	-11.252754453315902	5.111813551125615	64512	5.11186391289659
20.137123042571023	-2.6599744891253883	10.133665116039992	-3.0899495104731614	-15.003527818254952	5.151031634446753	62720	5.1510795991711
24.60966902267125	1.753161185356792	17.7889829973808	2.2492878067287165	-13.34939221711329	5.189830091013689	57344	5.190295285445609
23.995248528829983	2.247969527305683	17.594754082902	0.972266164397297	-15.273000428512205	5.229443169338837	44288	5.229510971720119
64.32918867552726	-8.060048312980443	11.765407527882417	-2.1384140751470113	-22.565965098663582	5.266944661319724	37120	5.268726657994629
26.229526965798403	-0.7115992651531591	11.582173635553772	-0.011099770940745657	-10.482683699094196	5.306490784435811	24064	5.307942344269139
29.542796752149194	-5.9269970361997295	10.185407442844735	-3.520599459674486	-23.314759208034047	5.346634807106271	15616	5.347158030543649
32.70721621479321	2.0029663756182425	20.870598680621697	5.042498434935624	-14.16265859588384	5.3858827273262175	17664	5.3863737168181585
49.00466822648495	-4.923821156212268	25.834852787880664	-1.6920528852970165	-21.906791998675544	5.423698321469214	10752	5.425589403092668
35.93310466371718	-3.4324949373258278	15.235557386396977	-1.2781932098769175	-17.595240675203968	5.461105208524881	4608	5.464805089367179
28.98800516828917	-4.919894947321518	23.824475630606685	-11.670526546108704	-23.50513588301328	5.493231037482323	2560	5.504020775641688
13.988688687689459	-1.1660325769794326	8.499922242372577	3.9846600454093277	-5.681294773942682	5.539017806729867	1024	5.543236461916198
nan	nan	nan	nan	nan	nan	0	5.582452148190708
