X Center	Y Mean	Y Median	Y Std	Y Lower Quartile	Y Upper Quartile	Count	X Mean
3.6216678344652173	-231.28554275705835	-219.74748948678916	1789.2320854431664	-1254.5591490610263	478.1357352798527	399	3.6216890021253865
3.660883520739727	-16.88471395802583	-113.8926591791801	1900.4374088733975	-944.9879338475503	854.5148406217791	439	3.6618687635003337
3.700099207014237	-124.55402251868755	-73.47941268077065	1755.3079747442955	-1032.8401102227326	708.7570382471331	501	3.700307184438461
3.7393148932887468	-38.43038776153014	-75.06009542478648	1693.2307478356909	-899.0304616308426	750.6710749507051	635	3.7399644249384236
3.778530579563257	44.79949360498675	-12.19624151656808	1784.8160865592827	-868.2743641782208	732.6229124662423	709	3.7788945068905937
3.8177462658377666	177.98519917205888	67.98229592188011	1838.2244778685722	-744.6937515283204	997.4191766025031	944	3.818756184322985
3.856961952112276	49.381812173973636	8.366547672724693	1793.0410097940255	-847.1060844516423	921.6302342043853	1154	3.85757865347166
3.896177638386786	39.17147695520505	-2.5828729219189768	1693.4458068846639	-806.1307186243544	814.0740613337125	1372	3.8963793910222377
3.9353933246612955	135.4432056423911	9.94824038970819	1677.3584306440991	-706.2330622046993	878.4047574331807	1763	3.9357595686434115
3.9746090109358057	143.05069893541503	51.18698600703451	1647.4035524283313	-670.3160741313145	810.5527345141109	2260	3.975484459875376
4.013824697210316	160.8698213791788	35.64662039636096	1565.5482552737515	-639.2877256751935	807.2359084398468	2801	4.0143343713204205
4.053040383484825	201.4717671536017	89.46925401872605	1533.46284776779	-526.3890491574984	837.6378905283873	3509	4.05409254095339
4.092256069759335	168.2759127790812	62.1409995479753	1484.5143249984258	-531.1921486818401	751.4542530296603	4551	4.093138353088614
4.131471756033845	183.11419718996802	64.62160494663698	1404.7594364363565	-500.265919754449	788.8159024341467	6015	4.132343726086449
4.170687442308354	176.98393004784927	85.72175642989714	1337.5842454688084	-478.483500387656	742.1931286651497	7699	4.17140841451285
4.209903128582864	184.40778516650846	87.83614519346065	1278.963471584928	-464.77652321557935	746.9997958294448	10039	4.210634395295588
4.249118814857374	243.77174651256172	117.42283122027948	1240.0174338639429	-393.5804638220088	784.8942738904207	12325	4.24986352942685
4.288334501131884	238.18507418946925	115.09606576856223	1208.1955518876357	-384.9902783110215	785.4116951188116	14978	4.28889340091722
4.327550187406394	268.8285430119969	133.42573743186585	1193.2718980220363	-362.671846826021	796.3415053372264	18216	4.328125842602157
4.366765873680904	280.1788461495717	140.4538276764398	1148.8511291356176	-322.63808936046314	798.1904374862086	20590	4.36708481592362
4.405981559955413	295.857747777472	137.68995179481988	1127.040996543722	-315.12159074426904	792.6642741804201	22956	4.406210083436223
4.445197246229924	301.0442513727735	145.98148451420002	1084.3639404833816	-281.27086260628676	779.8187816221644	24057	4.445321004799166
4.4844129325044335	303.734099129617	148.3179623943479	1071.025000346782	-276.1125289717729	753.4886683529312	24857	4.484361671362051
4.523628618778943	301.2293597601025	146.75407370204493	1020.5547883540596	-256.63230049733147	723.3934816229867	25248	4.523528363046083
4.562844305053453	289.7972775065858	136.54948467941722	1004.4047137664814	-249.1108535562489	685.0069247145275	25033	4.562772918480105
4.6020599913279625	290.203892632196	122.45592997131644	990.3657975940275	-241.0811436340755	657.1507109703562	24257	4.601980755415381
4.641275677602472	278.77617132243824	121.45161134431646	939.8568168072505	-228.92060309196722	605.3472278981862	23568	4.641024930637976
4.680491363876982	271.9419396145035	116.11327806854979	942.6448968945841	-219.4554727325842	592.7149207968255	21532	4.68043008915694
4.7197070501514915	256.16455963255675	104.18162728965581	880.5552745408622	-218.7346078570729	546.7610704867673	20256	4.719651604540162
4.758922736426001	220.23078590837	77.94038944906606	842.393342789678	-230.23370661963963	482.3164367909767	20717	4.7592673530954785
4.798138422700512	203.2969301612629	70.13708130247869	802.7059578503876	-214.99621263325935	431.88043982333784	22977	4.7984572906964456
4.837354108975021	192.35573869570226	61.35093952006355	775.5794961951817	-206.3523142488234	392.7877131088421	25771	4.837661405562946
4.876569795249531	164.5633562394406	43.48546526225678	733.8658131321657	-212.27224744739806	355.67314063484037	28172	4.876953115246235
4.915785481524041	149.31567936664874	43.513951766084574	711.6076540432038	-199.70431311910033	332.0820107749064	32007	4.916066852552374
4.955001167798551	132.12154664016003	33.888572375077274	687.7974844081721	-192.41825649473913	304.13341066249427	34012	4.95520289198132
4.994216854073061	107.74715862162955	30.73135063119844	653.7016803763961	-189.70506545835428	274.6091664693229	35776	4.994438717078007
5.033432540347571	92.89181946850468	23.326287378090456	633.4950695969903	-184.35622248940444	251.4724972956335	39236	5.033728670232232
5.07264822662208	85.12284350778022	20.807284824544695	604.3519437805503	-177.32385536985566	239.0409286898721	41273	5.072572174069563
5.11186391289659	71.14104063195822	18.131031272625478	589.8046499459275	-175.34194162597214	227.02123433340603	39717	5.111756494693234
5.1510795991711	55.20383549692685	13.010830681740117	553.8475548035324	-164.10011194668004	204.0468235352164	38329	5.151010942503013
5.190295285445609	44.14208065253171	12.879658749823648	541.466931667949	-160.86465409661514	192.29344594640315	35427	5.189990328848663
5.229510971720119	39.26569226547061	14.504505917665483	533.217014658122	-152.689450419065	188.7594059941555	30818	5.228985073608928
5.268726657994629	33.065138349982334	12.649796513161164	515.461028490608	-150.25560372229165	179.68515426248314	25174	5.267711160275739
5.307942344269139	28.973018879195568	17.802766580129173	533.5184540367115	-141.69875283162946	179.717617854727	17949	5.306852432193361
5.347158030543649	21.477869048458906	10.17168735645646	503.59518629315755	-146.28271586534538	168.47432276688505	13023	5.346252439606726
5.3863737168181585	12.368705242086968	8.834933878279116	537.4861327433742	-145.8902056539864	161.9579236950285	10933	5.385584002825329
5.425589403092668	11.290012080059281	15.107181938956586	521.0342117436322	-136.2342897688909	163.41812005161228	8114	5.424285552271133
5.464805089367179	3.2410665655848963	9.933203043787216	522.0593783871597	-137.28039020148026	156.0976083927444	4691	5.462927021792135
5.504020775641688	23.772819625476245	25.694569681296343	466.07425810734054	-126.37585775178968	169.2779860945834	2202	5.501164634107786
5.543236461916198	32.35420217328302	40.783079338820244	486.6320266435072	-108.13336614019227	183.4111198641349	661	5.539519153766387
5.582452148190708	72.2647258468425	64.31666385039534	781.1049984593723	-93.5832321972739	263.7935796118236	189	5.580616050421903
