X Center	Count	X Mean	Y Median	Y Lower Quartile	Y Upper Quartile	Y Mean	Y Std
3.6216678344652173	0	nan	nan	nan	nan	nan	nan
3.660883520739727	0	nan	nan	nan	nan	nan	nan
3.700099207014237	0	nan	nan	nan	nan	nan	nan
3.7393148932887468	0	nan	nan	nan	nan	nan	nan
3.778530579563257	0	nan	nan	nan	nan	nan	nan
3.8177462658377666	0	nan	nan	nan	nan	nan	nan
3.856961952112276	0	nan	nan	nan	nan	nan	nan
3.896177638386786	0	nan	nan	nan	nan	nan	nan
3.9353933246612955	0	nan	nan	nan	nan	nan	nan
3.9746090109358057	0	nan	nan	nan	nan	nan	nan
4.013824697210316	0	nan	nan	nan	nan	nan	nan
4.053040383484825	0	nan	nan	nan	nan	nan	nan
4.092256069759335	0	nan	nan	nan	nan	nan	nan
4.131471756033845	0	nan	nan	nan	nan	nan	nan
4.170687442308354	0	nan	nan	nan	nan	nan	nan
4.209903128582864	0	nan	nan	nan	nan	nan	nan
4.249118814857374	0	nan	nan	nan	nan	nan	nan
4.288334501131884	0	nan	nan	nan	nan	nan	nan
4.327550187406394	0	nan	nan	nan	nan	nan	nan
4.366765873680904	0	nan	nan	nan	nan	nan	nan
4.405981559955413	0	nan	nan	nan	nan	nan	nan
4.445197246229924	0	nan	nan	nan	nan	nan	nan
4.4844129325044335	1	4.468531765818173	0.011277162508227558	0.011277162508227558	0.011277162508227558	0.011277162508227558	0.0
4.523628618778943	2	4.535330976182679	0.08679001821547369	0.0761631718125326	0.09741686461841478	0.08679001821547369	0.021253692805882178
4.562844305053453	2	4.566088744024064	-0.020284212127345422	-0.06781610906159574	0.02724768480690489	-0.020284212127345422	0.09506379386850063
4.6020599913279625	7	4.609352027631829	0.017628697620906613	-0.05542659907846724	0.06184336759064225	0.004236528377714044	0.07210034379843312
4.641275677602472	25	4.650576471789389	-0.00411225929343219	-0.05465558207047746	0.02333339855566586	0.023973125884788345	0.18444478816361673
4.680491363876982	141	4.68417644757506	-0.025723735276707224	-0.07882958881754744	0.0569854125353979	-0.006708012077652753	0.12801263095914633
4.7197070501514915	496	4.722942769337318	0.0026198636044689706	-0.0591517565259566	0.05974383352076799	0.0011971518269345246	0.10268912561159507
4.758922736426001	1298	4.76170851036747	-0.0034450578422879664	-0.061211728247438146	0.06402598408890449	0.0037086896388182555	0.09964060830027913
4.798138422700512	2306	4.799668844055738	0.0007402215048262365	-0.057628550645999574	0.06461884445381706	0.00586990723744186	0.10358666102126969
4.837354108975021	3612	4.838464466504245	-0.0027547901046664977	-0.06375935185378337	0.06265784208490276	0.003053708450065414	0.1078653221576306
4.876569795249531	4286	4.877195630312166	0.0017079295288306919	-0.06176944807285804	0.0689750944616587	0.008503819022330467	0.10989861411345314
4.915785481524041	4872	4.916277885186428	-0.0011187935764906702	-0.06266191896712377	0.06680160540182686	0.005405774739159175	0.11162601587485561
4.955001167798551	5074	4.95494858192777	0.0016231752184867455	-0.06489997526676448	0.07296963237331422	0.008353945328472747	0.11525286269565191
4.994216854073061	4890	4.994193915779143	-0.0029193563369098383	-0.06700538885035583	0.06714391798886352	0.0069709905312311795	0.1212457756323261
5.033432540347571	5128	5.033025122661003	-1.318636094496408e-05	-0.06419265070226995	0.06889425692825926	0.00826654912732698	0.11577106854443692
5.07264822662208	4784	5.071824421772512	0.0023337709777812997	-0.0622030582291071	0.07289920801991218	0.011558765123998073	0.11926581855575334
5.11186391289659	3507	5.111007239112437	-0.0038167727444955637	-0.06698775287765546	0.06828105020000198	0.006280018547179104	0.1205620164192189
5.1510795991711	2673	5.150511744631626	0.0007640747561352976	-0.06827301997921871	0.07112099017655549	0.011474364898387117	0.12182364037330283
5.190295285445609	2290	5.19042384759501	-6.241165336803578e-06	-0.06973316592380918	0.0704147424859621	0.010090917098700887	0.13193995897283722
5.229510971720119	2358	5.229649468252017	0.0027469911874675964	-0.06871655507210128	0.07732880930149082	0.01245663667394757	0.1334080625614
5.268726657994629	2133	5.267742417458457	-0.0008412643375814692	-0.0675660767536277	0.07827488804745156	0.013945128635346282	0.1400621324977589
5.307942344269139	1982	5.307681967097302	0.0009832354779663616	-0.06870200027520526	0.08243796185238633	0.01709920858084515	0.14471779802337237
5.347158030543649	1720	5.347180834509607	0.004910613567982171	-0.06980099954839616	0.09281025766505181	0.020838605594131657	0.15107098055794985
5.3863737168181585	1487	5.3854212085884186	0.004056876941687565	-0.07365600169679487	0.08374073829116477	0.017332166169558978	0.15347215275739937
5.425589403092668	796	5.4228396043494556	-0.0003113379500299171	-0.07727282352690448	0.09227324601205486	0.02068387264240195	0.1747521125835583
5.464805089367179	249	5.46003160397244	0.0006473199432433677	-0.08400346124369173	0.08941594321856838	0.0032459815498083037	0.15913101290597007
5.504020775641688	53	5.50035095927213	-0.02472618105360881	-0.11659317589609759	0.033564889748025586	-0.01705909765011641	0.17869361687718477
5.543236461916198	12	5.531609884439817	-0.004183490168739604	-0.06981439286506165	0.11646951559802976	0.04535490080088608	0.16522990775607466
5.582452148190708	1	5.563926974640496	0.04362316741309508	0.04362316741309508	0.04362316741309508	0.04362316741309508	0.0
