Y Lower Quartile	Y Mean	Y Upper Quartile	X Mean	Count	X Center	Y Median	Y Std
nan	nan	nan	nan	0	3.6216678344652173	nan	nan
nan	nan	nan	nan	0	3.660883520739727	nan	nan
nan	nan	nan	nan	0	3.700099207014237	nan	nan
-172.78877564246977	273.53027307308156	1159.7307700802357	3.732589204177702	3072	3.7393148932887468	-166.35117521852135	626.6438921464087
-129.12385279047407	254.9793838411573	291.6838424793518	3.772327323445395	4096	3.778530579563257	-92.41939415227944	663.9750048202227
-38.44365807466784	119.03393547580582	220.64940944414462	3.807686008163204	9216	3.8177462658377666	-4.784820966679945	210.95500530598744
-111.7705243165492	12.755235426450175	162.24148240492468	3.8633355529461952	3072	3.856961952112276	-12.205251809024958	113.24873626714043
-21.93826154074577	-3.705189376026687	15.941903675071444	3.8971099875965445	9216	3.896177638386786	-3.2902061291151767	40.067154194557595
-57.13973012407496	24.54776204110876	46.22191250444939	3.9332845482512178	10240	3.9353933246612955	-5.962655784582694	125.90002540084905
-46.774490860401784	45.78924271202852	82.64986580238474	3.977851873892325	11264	3.9746090109358057	27.097519878780076	143.48009802979126
-4.293307919644576	56.54751529079145	72.21184380807426	4.021066199898541	14336	4.013824697210316	40.56790673234673	93.16120830446695
-65.21298266849226	27.856321059042056	59.39313931846573	4.052434314797122	15360	4.053040383484825	22.043426013694443	115.959267664615
-48.21457268589984	59.086197498902834	52.84930992544059	4.095926937055524	16384	4.092256069759335	12.901613881147568	232.45284628456346
-9.948919680479776	29.888610992046637	50.019534314850716	4.135815134853232	19456	4.131471756033845	2.8693586239060096	84.95336624344526
-11.521855549906832	23.198608602701082	29.382970423222105	4.172350201600398	27648	4.170687442308354	15.029690944152208	68.90857035806815
-6.854951779785779	12.738235102807819	21.269690725674764	4.2123986254084125	57344	4.209903128582864	4.087651550592909	60.62163086783241
-19.24206342924299	-3.2328307568064902	12.792764433666889	4.249839096406057	83968	4.249118814857374	-1.9579096492739154	23.945386529806356
-15.122137841986842	6.1902611662060805	18.66566773960858	4.287840171946687	84992	4.288334501131884	1.0494120020721311	55.221738839318
-14.95086194931082	4.847273663814031	19.582799855467783	4.326559470968869	123904	4.327550187406394	1.6616388406146143	44.512059408608856
-15.500414920190451	-3.325986449111219	13.378292927702205	4.365680059380607	115712	4.366765873680904	-1.411164794510114	25.140279401751354
-19.797440463953762	-3.2874841427855097	11.794868222937112	4.406412481174354	114688	4.405981559955413	-1.0327109040249525	20.9013539202006
-14.498035770220667	-1.4117568627163548	11.129984020881238	4.4432541224848645	113664	4.445197246229924	-1.3887431891189408	19.672534232842402
-14.97717279348035	-2.9222997704653655	12.003626890886153	4.4841957760290585	115712	4.4844129325044335	0.6912673241149605	21.487774146731155
-10.305772175003767	0.4650705965363533	15.283301509949524	4.5248423193050336	104448	4.523628618778943	1.292519435848135	19.22419536043022
-11.805747284823155	-0.5544918856669683	13.096484783264714	4.560974382456165	116736	4.562844305053453	0.5263256182147416	19.478812728908544
-14.31845627050643	-1.4755399063201216	7.7385039221180705	4.6005459352300075	93184	4.6020599913279625	0.23230779299228743	17.03086847333997
-14.175364236191399	-1.0098785358575526	7.896074050071547	4.6382479837599595	98304	4.641275677602472	-0.9518063405666908	17.71272163527318
-8.135786917964651	1.2287651014572116	11.148743971587464	4.676586997362049	67584	4.680491363876982	0.9260648928780029	18.99270093010219
-13.489628841845615	-1.0447860513358194	9.682091692548056	4.718657255198928	65536	4.7197070501514915	0.08223583407561819	17.779119706608537
-10.49383219657284	-1.251924556397384	6.843209944226601	4.758119703330994	65536	4.758922736426001	0.04250358695344403	13.833478106542346
-9.810619956811934	1.1686899357096587	11.827517947336673	4.798981210973618	64512	4.798138422700512	-2.3664764984969224	15.494852507366161
-12.490344620233373	-1.8128814243761684	6.677094535298238	4.837573767933433	64512	4.837354108975021	0.7042860517840381	15.690260910215386
-8.196552657202119	1.3579916504396896	8.315375107053114	4.876967382434101	76800	4.876569795249531	-0.025181434537444147	16.53634310435404
-8.396629808647049	0.6877314879021038	9.577904233296067	4.917758118900789	77824	4.915785481524041	1.2107588246990417	14.967645452943955
-7.301756916263912	1.5528163572624285	10.103416362162534	4.9539121665904595	70656	4.955001167798551	1.7326381532420783	12.28433636708945
-8.242531962379417	-0.8853941867963897	7.108840732377757	4.994382433122758	65536	4.994216854073061	-1.4969548142526037	15.467085324132391
-9.185245946815485	1.9707948728822533	10.210477897831879	5.034325824994727	84992	5.033432540347571	1.4445228170425253	16.785874194536415
-10.990356622050967	-0.2681483872726057	8.715794912280217	5.073526820517341	68608	5.07264822662208	-1.6962950376109802	14.382374784845686
-11.668690361330391	0.8676087645956537	11.955896514687538	5.109831353099455	73728	5.11186391289659	3.957037987608601	19.831137024067935
-6.853733820697016	1.9215707163172668	9.548202830752416	5.152170261567774	66560	5.1510795991711	0.7773459030304366	17.869693864682855
-18.172496834586127	-2.143197822190814	4.201478439121274	5.1922215772594935	54272	5.190295285445609	-4.390015661385405	20.889328128052824
-12.439369967256425	-7.734478338134068	10.050827400184062	5.231451017673827	50176	5.229510971720119	-1.3880460216278152	42.77288133650659
-15.24255078517217	2.461188421345615	18.58812307736116	5.2653850341159005	31744	5.268726657994629	-1.0543962097635813	20.96033504996597
-14.455464221663078	4.207676485799506	14.45953734221348	5.31016533318155	28672	5.307942344269139	7.485798509992492	35.936827231514386
-15.243373991526823	-11.683309326461918	-2.509197433852023	5.3563563300899135	9216	5.347158030543649	-8.987669634469057	35.22523832370012
-0.6835819611324041	8.086534658993333	24.395593948130227	5.38493835880424	20480	5.3863737168181585	8.583526003320003	30.594157325212915
2.504374850239401	11.123511889064321	27.206727966480685	5.421117116736178	10240	5.425589403092668	15.428896049592367	30.212567411256433
-3.1698947246677562	1.2699773444408493	13.310217079430004	5.4530866866305665	5120	5.464805089367179	10.866325530914764	20.32837913866462
6.771483299491592	6.771483299491592	6.771483299491592	5.489928762691539	1024	5.504020775641688	6.771483299491592	0.0
-30.847532163572396	-30.847532163572396	-30.847532163572396	5.5266207016981586	1024	5.543236461916198	-30.847532163572396	0.0
nan	nan	nan	nan	0	5.582452148190708	nan	nan
