Count	Y Upper Quartile	X Mean	Y Std	Y Mean	X Center	Y Lower Quartile	Y Median
0	nan	nan	nan	nan	2.8075630150895257	nan	nan
0	nan	nan	nan	nan	2.8663865445012906	nan	nan
0	nan	nan	nan	nan	2.925210073913055	nan	nan
0	nan	nan	nan	nan	2.9840336033248196	nan	nan
0	nan	nan	nan	nan	3.0428571327365845	nan	nan
0	nan	nan	nan	nan	3.1016806621483495	nan	nan
0	nan	nan	nan	nan	3.160504191560114	nan	nan
0	nan	nan	nan	nan	3.2193277209718785	nan	nan
0	nan	nan	nan	nan	3.2781512503836434	nan	nan
0	nan	nan	nan	nan	3.3369747797954084	nan	nan
0	nan	nan	nan	nan	3.395798309207173	nan	nan
0	nan	nan	nan	nan	3.4546218386189373	nan	nan
0	nan	nan	nan	nan	3.5134453680307023	nan	nan
0	nan	nan	nan	nan	3.5722688974424672	nan	nan
0	nan	nan	nan	nan	3.6310924268542317	nan	nan
0	nan	nan	nan	nan	3.689915956265996	nan	nan
8	3.4104035910351	3.761615252472105	0.0	3.4104035910351	3.748739485677761	3.4104035910351	3.4104035910351
2643	3.6800336548542116	3.8216587047373727	0.08411925893342866	3.6084217486176136	3.807563015089526	3.623353661691148	3.623353661691148
5275	3.736949873035794	3.860929990864428	0.10535044094106312	3.6244655085083455	3.8663865445012906	3.5474457164257345	3.5532156975222384
11126	3.76195313435031	3.926356218418319	0.10968290976482617	3.671189291819393	3.925210073913055	3.609513436758097	3.719480982227081
6897	3.7740772007534344	3.982381367677359	0.09856802762994556	3.7074904525660677	3.9840336033248196	3.663352628786625	3.688351159063326
10578	3.875635568295824	4.04134416531181	0.15780155985919042	3.740239821256832	4.042857132736584	3.5839526242280915	3.766373143175398
11034	3.976689337261898	4.093697594803479	0.17723637261443015	3.8472497619305948	4.1016806621483495	3.6706432276772807	3.893796838432466
4655	4.05080230862668	4.172386531864463	0.12189208600066137	4.03505569376692	4.160504191560114	4.007645167270777	4.039190031145577
3873	4.200761342804272	4.214085466672158	0.05960640221889646	4.166520345167623	4.219327720971879	4.167361657391237	4.185300059687723
395	3.9280758228460924	4.288332761305051	0.03657155618823734	3.9479420215867203	4.278151250383644	3.9280758228460924	3.9280758228460924
79	4.025735698377476	4.333971326581202	1.7763568394002505e-15	4.025735698377478	4.336974779795408	4.025735698377476	4.025735698377476
285	3.922068584061404	4.413905846657964	0.006273078023076606	3.9224166622562495	4.395798309207173	3.922068584061404	3.922068584061404
0	nan	nan	nan	nan	4.454621838618937	nan	nan
0	nan	nan	nan	nan	4.513445368030702	nan	nan
0	nan	nan	nan	nan	4.572268897442467	nan	nan
0	nan	nan	nan	nan	4.631092426854232	nan	nan
0	nan	nan	nan	nan	4.689915956265997	nan	nan
0	nan	nan	nan	nan	4.748739485677762	nan	nan
0	nan	nan	nan	nan	4.807563015089526	nan	nan
0	nan	nan	nan	nan	4.866386544501291	nan	nan
0	nan	nan	nan	nan	4.925210073913055	nan	nan
0	nan	nan	nan	nan	4.98403360332482	nan	nan
0	nan	nan	nan	nan	5.042857132736584	nan	nan
0	nan	nan	nan	nan	5.1016806621483495	nan	nan
0	nan	nan	nan	nan	5.160504191560115	nan	nan
0	nan	nan	nan	nan	5.219327720971879	nan	nan
0	nan	nan	nan	nan	5.278151250383644	nan	nan
0	nan	nan	nan	nan	5.336974779795408	nan	nan
0	nan	nan	nan	nan	5.395798309207173	nan	nan
0	nan	nan	nan	nan	5.454621838618937	nan	nan
0	nan	nan	nan	nan	5.513445368030702	nan	nan
0	nan	nan	nan	nan	5.572268897442467	nan	nan
0	nan	nan	nan	nan	5.631092426854233	nan	nan
0	nan	nan	nan	nan	5.689915956265997	nan	nan
0	nan	nan	nan	nan	5.748739485677762	nan	nan
