Y Upper Quartile	Count	Y Mean	X Mean	Y Std	X Center	Y Median	Y Lower Quartile
nan	0	nan	nan	nan	3.6216678344652173	nan	nan
nan	0	nan	nan	nan	3.660883520739727	nan	nan
nan	0	nan	nan	nan	3.700099207014237	nan	nan
nan	0	nan	nan	nan	3.7393148932887468	nan	nan
nan	0	nan	nan	nan	3.778530579563257	nan	nan
nan	0	nan	nan	nan	3.8177462658377666	nan	nan
nan	0	nan	nan	nan	3.856961952112276	nan	nan
nan	0	nan	nan	nan	3.896177638386786	nan	nan
nan	0	nan	nan	nan	3.9353933246612955	nan	nan
nan	0	nan	nan	nan	3.9746090109358057	nan	nan
nan	0	nan	nan	nan	4.013824697210316	nan	nan
nan	0	nan	nan	nan	4.053040383484825	nan	nan
nan	0	nan	nan	nan	4.092256069759335	nan	nan
nan	0	nan	nan	nan	4.131471756033845	nan	nan
nan	0	nan	nan	nan	4.170687442308354	nan	nan
nan	0	nan	nan	nan	4.209903128582864	nan	nan
nan	0	nan	nan	nan	4.249118814857374	nan	nan
nan	0	nan	nan	nan	4.288334501131884	nan	nan
nan	0	nan	nan	nan	4.327550187406394	nan	nan
nan	0	nan	nan	nan	4.366765873680904	nan	nan
nan	0	nan	nan	nan	4.405981559955413	nan	nan
nan	0	nan	nan	nan	4.445197246229924	nan	nan
-0.039624164412489685	1	-0.039624164412489685	4.478098183096102	0.0	4.4844129325044335	-0.039624164412489685	-0.039624164412489685
-0.0012369668552123445	2	-0.022876677414941572	4.532127345767071	0.04327942111945845	4.523628618778943	-0.022876677414941572	-0.04451638797467079
0.08371020664048785	2	0.045948004947440065	4.571918205468139	0.07552440338609556	4.562844305053453	0.045948004947440065	0.008185803254392283
0.08973742322576529	7	0.04874622396639865	4.613139478848167	0.08691202357119637	4.6020599913279625	0.0065001827089479795	-0.01059071425815832
0.06109284101545185	30	-0.008788733678021028	4.647422321332453	0.10728196920843117	4.641275677602472	0.006726476626582209	-0.09345285841855679
0.04783670230632375	146	0.000824336331494229	4.6844265579271145	0.09750967361403462	4.680491363876982	-0.01068191955853286	-0.05859303288521688
0.05927467830796243	468	0.0016697007019014472	4.723555602557469	0.1026200195971842	4.7197070501514915	0.0036910593075971565	-0.06379468204024055
0.06025067886917757	1260	0.007281278709947837	4.761746878347671	0.10062377209249353	4.758922736426001	0.004221086184682763	-0.05419486251603064
0.0633447692556541	2369	0.0033563380749271343	4.799658176524602	0.10357644651648265	4.798138422700512	-0.0018510642799557983	-0.06322172300861513
0.06397309726980144	3520	0.0058416239576105	4.838025120418932	0.10563217475939005	4.837354108975021	0.0012813232723001475	-0.062312726406143375
0.06831840525772678	4283	0.009105735930091445	4.877277381037195	0.10847416668293466	4.876569795249531	0.002020003503965438	-0.060991984509270555
0.06677878178021697	4930	0.006804420746310002	4.915948806866822	0.11207616930462415	4.915785481524041	0.0003884294662621371	-0.06348492863940934
0.06989788027522174	5121	0.008873688210394871	4.955055374703315	0.11419639899635682	4.955001167798551	0.002170642061116312	-0.06285233169160338
0.06838053901617308	4934	0.006214071208746178	4.994138690712205	0.11625299368720204	4.994216854073061	-0.002563586684831034	-0.06748359612351607
0.06754423807702162	5214	0.007336546823964052	5.0334366309973175	0.1143402612271457	5.033432540347571	0.0006024495660203623	-0.06375241743615002
0.07348910187373868	4653	0.01093539822135434	5.071753496603667	0.12290382769215229	5.07264822662208	0.0003600454280458807	-0.06467760462531075
0.07259638001483461	3498	0.009962594277069392	5.110455315919489	0.11808206050205346	5.11186391289659	-0.0003499318922665957	-0.06399656349303487
0.06996201320120532	2677	0.005722995436766511	5.1503692846324265	0.12172361532625135	5.1510795991711	-0.0018766292411638154	-0.0691701917040661
0.07268371601460086	2316	0.010727329285154684	5.190660320799388	0.1296553113433172	5.190295285445609	0.0008740793843460632	-0.0659129910415368
0.07464674007474345	2323	0.013133934013341527	5.229458288330467	0.13237975714353917	5.229510971720119	0.002790040866777564	-0.06408149629469073
0.0723687469309433	2150	0.014218608412813343	5.267871195931412	0.13755217126914124	5.268726657994629	0.001959246433262069	-0.069075721173549
0.07495161869806422	1966	0.012081345928126494	5.307299611951611	0.14239467990098711	5.307942344269139	-0.005257735697433062	-0.07126123845987853
0.07796925417372104	1750	0.008721451165033237	5.346430448788577	0.149230992052753	5.347158030543649	-0.003271762549712482	-0.08199653257908554
0.08318755536365918	1479	0.013736390773362146	5.385438821617122	0.154108836261865	5.3863737168181585	-0.006758831355851279	-0.076136736333837
0.09248357208053662	806	0.019405669430945835	5.422737232783586	0.16831606539957245	5.425589403092668	0.0005784031507913912	-0.07838854504928117
0.10972937918297768	247	0.03401123925621338	5.459344633286056	0.18468719245613774	5.464805089367179	0.002464425547000963	-0.0780623841566803
0.09633421478681334	58	0.024478057857888338	5.500190676388018	0.1925981066997206	5.504020775641688	-0.002188134644516765	-0.08432703851625648
0.10825886633174232	10	0.01924507697379446	5.537268121855462	0.12110203472168445	5.543236461916198	-0.0018673175408427801	-0.08157990845360925
0.006742311384421385	1	0.006742311384421385	5.568420746886608	0.0	5.582452148190708	0.006742311384421385	0.006742311384421385
