X Mean	Y Mean	Y Lower Quartile	X Center	Y Upper Quartile	Y Std	Count	Y Median
3.6240184344581654	-0.20833204792276638	-1.1006330038631036	3.6216678344652173	0.5956554441329731	0.9641383613537841	128	-0.23655422919280175
3.658870252972303	-0.1750161064015454	-0.6621720231319461	3.660883520739727	0.35855548204831894	0.7811211945626981	336	-0.4476404287894895
3.6997747275464437	0.23150649911492086	-0.4121964834300966	3.700099207014237	0.9286916736130753	0.8099788275523007	480	0.1405913245906283
3.7411618600564642	-0.14502337246939875	-0.8367203847470703	3.7393148932887468	0.40426611827187164	0.8240467208210945	816	-0.19024851381968144
3.7802111784181833	-0.11100581799056276	-0.6313040359223243	3.778530579563257	0.3100710500184314	0.680604631428623	928	-0.20592792462347798
3.817741554179675	-0.13820474212485478	-0.738661616406715	3.8177462658377666	0.5256418603120845	0.7514045295132451	1504	-0.2820504580297656
3.8578983959107727	0.07245546211523676	-0.5770145947215218	3.856961952112276	0.6405380106279049	0.7928393821097989	2192	0.08186031634067174
3.8962685439907525	-0.10648499169580877	-0.7387437200823334	3.896177638386786	0.5063174849956664	0.7523864486656919	2608	-0.10998727481164264
3.9367140228590283	-0.09308289722312293	-0.7581216463384113	3.9353933246612955	0.45279126969918665	0.7756550030196869	2624	-0.08224013355322568
3.975646066750098	-0.11115006719122425	-0.6726253481085882	3.9746090109358057	0.45941325620448176	0.7788533118477511	3488	-0.1674887963957466
4.014573073690939	-0.1228392261128726	-0.6797973687422127	4.013824697210316	0.35910753311563093	0.7257970702538553	4032	-0.15314223750281108
4.054088179433988	-0.103521834821043	-0.614077269335811	4.053040383484825	0.42445103576059706	0.7234712070427594	5184	-0.14717400434393313
4.092930146454203	-0.07075464419167649	-0.5205641848929505	4.092256069759335	0.4232296298272722	0.6787679791944147	5776	-0.04647470620452101
4.132796379229197	-0.07606347277936383	-0.5159532795754704	4.131471756033845	0.362407072538573	0.6743501888275225	8256	-0.08421150556559007
4.172246264343078	0.008858752646849414	-0.44081187137701244	4.170687442308354	0.44952334680103295	0.6733801641671989	14016	0.01687731690941626
4.21173050161731	-0.019076794258838074	-0.4721318381062484	4.209903128582864	0.41917310759540677	0.6611745615464112	24512	-0.009118179721007137
4.250379317418804	-0.008180913451559243	-0.43364251920062463	4.249118814857374	0.39941099487577025	0.637186135141403	37392	0.00890755547362998
4.289416426946735	0.004554423102510637	-0.4052672994154803	4.288334501131884	0.41291246526488257	0.6344306363703409	47888	0.03204726628468708
4.327721180323425	-0.0016488933548533188	-0.3793237601034068	4.327550187406394	0.38567263660423423	0.6242483707029486	58192	0.005153885004772508
4.366749344748025	-0.0011023061723560957	-0.35996227932016783	4.366765873680904	0.36120167177557777	0.5943879701911009	61712	0.023764045103263673
4.406581240035723	4.734857234377632e-05	-0.35079212601833376	4.405981559955413	0.3637754773096562	0.590257977306889	65456	0.0189152454044343
4.445336570736335	-0.009990426657987179	-0.3423763506741584	4.445197246229924	0.33878435181967337	0.5783095400154861	69472	0.010509147864037602
4.48468089318305	0.011148395287973326	-0.31394678372085055	4.4844129325044335	0.34094308561094966	0.5603370990514354	70896	0.0279608176273918
4.523598437176995	0.01509447951535787	-0.30210422269727977	4.523628618778943	0.32707592272104863	0.5491553152106669	69952	0.029794575010101392
4.5627580964693	0.006890670706286868	-0.2958442752518095	4.562844305053453	0.32510910375976776	0.5460334687009146	70176	0.017450839500972492
4.601982261626055	-0.007876053336663231	-0.2825185307646696	4.6020599913279625	0.2780179415186236	0.5134480425273362	69120	0.00455656379934318
4.6410348119733955	-0.0031338669220203454	-0.26598764476545167	4.641275677602472	0.2725915463426962	0.49574482241454615	66608	0.008237655036490158
4.679391007773408	-0.005480316902241596	-0.24298804973798083	4.680491363876982	0.2625823496595192	0.47463719281424893	55856	0.009781924796990728
4.719864918516254	-0.009442430256774804	-0.23986780637246213	4.7197070501514915	0.24315813875255182	0.45867058705854086	47616	0.02358478513854092
4.758989767913459	-0.015644519359026342	-0.22171251470292613	4.758922736426001	0.21612463332154191	0.43453645545031117	49920	8.926631295766932e-05
4.798854550278729	-0.0126779286163791	-0.20251520760821595	4.798138422700512	0.1887590796563377	0.40014829836618715	59792	0.007843456897845215
4.836792821746579	-0.02138532814252285	-0.1842377662172772	4.837354108975021	0.18526482197800262	0.38361250115051465	60848	0.0059266241629813785
4.877264107723821	-0.009444238636561113	-0.16182595667380803	4.876569795249531	0.1687487664474543	0.3457156860947116	64288	0.003152358168595289
4.9159828201586535	-0.016418633381749665	-0.15749285862658408	4.915785481524041	0.1512718720001146	0.3065078364584182	73472	0.003876149462702822
4.95489571718394	-0.010932974654822576	-0.13700756004600298	4.955001167798551	0.14555119135821123	0.2751544872689367	72736	0.0031023416116247016
4.9941408112621275	-0.012960119473577772	-0.13578531988701387	4.994216854073061	0.1267903744524712	0.25163005645745873	67328	-0.0007413882551285684
5.033849959354327	-0.010216338477514242	-0.12155277174737654	5.033432540347571	0.11822200088906511	0.22206566945155096	76768	0.0014433960253230158
5.0720463457131615	-0.012180681893648928	-0.11219445565145517	5.07264822662208	0.0999450623201597	0.19793019859660155	73408	-0.0024367271518856894
5.11119124418421	-0.004413011645556717	-0.09948094496741651	5.11186391289659	0.10022311901091949	0.18094725171482698	66400	0.0002464431291320262
5.151169757490339	-0.005872541521176707	-0.09510037784447481	5.1510795991711	0.08867277517153802	0.16734065560150696	61840	-0.004577934725073615
5.189843667824017	-0.0019016830661142492	-0.08038783259951858	5.190295285445609	0.08641855365283571	0.15350375192854288	54416	0.0014218836293293962
5.22893082273713	-0.003497906073850192	-0.08384248714823402	5.229510971720119	0.07867643268104856	0.14327941685017598	44848	-0.0017318007131291026
5.267333649649123	-0.0027512703084459993	-0.079564290510043	5.268726657994629	0.07482064527700794	0.14468307444697032	35968	-0.004489682685052721
5.305895900819046	-0.0007035342885754816	-0.08130975145266195	5.307942344269139	0.07655834901535542	0.14859233383422416	24128	-0.0069468330249648725
5.346701557812525	-0.0008568719342721805	-0.0738310264899934	5.347158030543649	0.07186551678080534	0.13312033907039095	17152	-0.0035801256457519363
5.385493926168483	-0.0049914293210729	-0.07503302342552229	5.3863737168181585	0.0640213488570063	0.1310806193202325	14544	-0.004101280033003374
5.424375663678214	0.004781624115159759	-0.06504275150379477	5.425589403092668	0.06288682293284557	0.11842344003073171	10400	-5.0399830271867876e-05
5.463445530679257	0.0065600220016384745	-0.06339408840308149	5.464805089367179	0.0676379428414209	0.11580047427491531	5664	0.0017300124833930079
5.499688417325485	0.012255077345996717	-0.0546585944436373	5.504020775641688	0.08418895643363866	0.12077516166012431	2656	0.0017600118312243672
5.540367135262217	0.021226046550122907	-0.05185982395034031	5.543236461916198	0.07861091541580162	0.16739415487005957	656	0.0004414351272226245
5.580765222561852	-0.0029536122020174882	-0.0819254678589605	5.582452148190708	0.07065190364076554	0.11736883602637692	464	0.03669686136131832
