Y Mean	Y Median	Y Upper Quartile	Y Lower Quartile	Y Std	X Center	Count	X Mean
-0.014023670363660826	-0.0025932124565089007	0.007166209156194399	-0.03461604145178978	0.030524204725616323	3.6216678344652173	320	3.629526524585181
0.0017133208876080424	-0.002644407611997777	0.02257345707294032	-0.0321521426044833	0.06570614290476642	3.660883520739727	1152	3.6690655054393195
-0.002136867467713769	-0.013398151906245442	0.016915221123624726	-0.03768891899272782	0.07509882816108979	3.700099207014237	2240	3.6999978669247526
0.002048666400713361	0.008002698763843484	0.022451538796546763	-0.016414448754791314	0.03696632313661533	3.7393148932887468	3968	3.7414456026965737
0.00024698247567985556	0.0031478697290947652	0.02200728711797064	-0.022434129059922765	0.06428258223443228	3.778530579563257	6208	3.779326382924263
0.0006699718092608119	-0.0032733948586134583	0.021025851435453505	-0.023147883151389614	0.04657603617720814	3.8177462658377666	8256	3.819142341193508
0.005637271814205352	0.0016307775938273804	0.02446616179523751	-0.021177893056176362	0.04908273605375333	3.856961952112276	10624	3.857403104486941
0.0024721878302926543	0.0024844879389678966	0.02270952249765347	-0.016244696432706106	0.03275584105956922	3.896177638386786	13120	3.8960295075157676
0.0006070239953310773	0.0012175224229023346	0.019810544611699375	-0.01779716348544904	0.027465647675863302	3.9353933246612955	13632	3.933940535594832
0.00036367804138902175	-0.0006271221817191093	0.020504346296418934	-0.018431846521666184	0.03430451371657187	3.9746090109358057	14656	3.9748058718790054
0.0005797052792617505	-0.00012746523363252492	0.017669917411933016	-0.018143387010736898	0.032262141535077865	4.013824697210316	18176	4.014704256595573
0.0010342700893194573	-0.0004774896025820547	0.01712412553439652	-0.016247917057658174	0.035624466931582964	4.053040383484825	21056	4.053152540406309
0.0006011953405366808	-0.0013934891561051426	0.017484233053326956	-0.017412065933139157	0.02843726825603416	4.092256069759335	21440	4.092030424812368
-0.0015453264639107905	-0.0014671554583988687	0.01471308273052288	-0.01888591969316482	0.02464077604089051	4.131471756033845	23872	4.132258910811203
0.0012393237375404264	0.0010780973867816604	0.013855139386627838	-0.01284082608028624	0.029144042679338355	4.170687442308354	35072	4.173182327088027
0.0002386938016760066	-0.0009036949409056107	0.012566010390293134	-0.01272366448212826	0.02146238792208333	4.209903128582864	63104	4.211973276341877
-0.0008089205437513106	-0.0009738394597129617	0.010357539764809284	-0.011195544615526711	0.018210690801291302	4.249118814857374	92288	4.250043417609886
-0.00019613669773304595	0.0002984777193380506	0.010413414894325049	-0.01148172235986043	0.0181425452639453	4.288334501131884	101120	4.288584843303492
-0.0004023410433753588	-4.333814144862469e-05	0.008886704659261125	-0.009256646994401336	0.01490268128432397	4.327550187406394	124800	4.32781502372291
-9.675624971015444e-05	-6.788533761747244e-05	0.009013939628284985	-0.00861730555896171	0.014291936508661153	4.366765873680904	114112	4.36672491539979
-9.507203131021508e-05	-0.00017732175662587825	0.008410908938111914	-0.008547015463022969	0.013458181889835651	4.405981559955413	120704	4.405794783224138
0.00017332602379936793	0.00013739955465453356	0.008109837791023766	-0.007857178271755546	0.013088541608650299	4.445197246229924	117888	4.444889467105822
-0.00042185300960930286	-0.0007737913235315087	0.007368224783342552	-0.007545170252436857	0.01220600813832643	4.4844129325044335	112384	4.484139911409592
0.0005126692215491621	0.00020846087864899343	0.007682288101804364	-0.0068614794953413254	0.012110203035759621	4.523628618778943	113408	4.523490410354426
-0.00032907564235051145	-0.00031702310736526397	0.007529051753931262	-0.007637953184392669	0.011979759089662052	4.562844305053453	104576	4.562142827356663
-0.0006486539682014692	-0.0007574129481544804	0.006655149845815279	-0.007685080339260578	0.011376110999354745	4.6020599913279625	98688	4.601564775908456
-4.067259013682416e-05	-0.0002801661230177016	0.006906189939234897	-0.007413285583168329	0.011368632443942784	4.641275677602472	95296	4.640492532501694
-5.041210415469665e-05	-6.144527918984162e-05	0.006585375935868913	-0.007056082472825412	0.011145336823646589	4.680491363876982	73344	4.678850330984623
-6.615258677983437e-05	-2.597352548193396e-05	0.0062450490015475615	-0.006154511810858061	0.010475991271499514	4.7197070501514915	61632	4.719594596572773
-0.00014212938505010452	-0.0002076551864658451	0.006356124488739626	-0.006833067383098962	0.010652770782762248	4.758922736426001	60288	4.7588763952076825
5.362939157791487e-05	1.1952624068372461e-06	0.006820141943144581	-0.0063549555609339016	0.009928249166611853	4.798138422700512	70272	4.799323265146739
0.0001377609070052398	0.0004635481078252145	0.0067949832032743246	-0.006591057807204037	0.010542440943898846	4.837354108975021	66048	4.836370071439411
0.0001126383623224718	0.0002657720290364588	0.0064872581513006665	-0.006001240996762899	0.010035296807121168	4.876569795249531	68288	4.877355002600991
0.0001497131032283882	1.0692951465629654e-05	0.00655957796444784	-0.006419408606017296	0.010286306553576506	4.915785481524041	77824	4.915338298005918
-0.0002747754144069867	-0.0006105035626784542	0.006031155069750033	-0.006684617084763194	0.010512943661654457	4.955001167798551	77952	4.9547460400641095
0.0002974128733590146	0.0002666532722903596	0.007190273968257868	-0.006591360441440471	0.010378111621477986	4.994216854073061	65984	4.9941799640119635
0.00012985087801964065	0.0003955540537963494	0.006727063372251977	-0.0062466055366217224	0.010121010887131061	5.033432540347571	79488	5.03382563063838
0.0003088608000879343	0.00031886633789621123	0.006822078021711374	-0.006790643354914343	0.010567140781734234	5.07264822662208	74368	5.0723394769781756
0.00013602657234178806	-6.96565084947891e-05	0.006713479347482993	-0.006248354391708981	0.010205503907431142	5.11186391289659	66304	5.1107212750584585
-0.00012731746966130895	-0.00042822330369406527	0.006407791155911784	-0.006664778090527679	0.010464502518451274	5.1510795991711	62464	5.151007076653464
-6.868734153659884e-05	-0.00029758484084309653	0.005585867922444447	-0.0058372012650416884	0.010335856889793906	5.190295285445609	54848	5.18969359738549
-0.0002283988255246731	-7.142826679817122e-05	0.0065716668157538086	-0.007052543358928348	0.010808649487916459	5.229510971720119	46720	5.229259090663736
-0.00033265852887416137	-0.0004967539852746812	0.00638826764006994	-0.007080132561456225	0.011965460420823634	5.268726657994629	35456	5.268107667854005
0.0004633887605382076	0.00012853110589583196	0.007701023270447157	-0.006088524876817443	0.013724311043658732	5.307942344269139	24064	5.306269188993708
0.0001469242172444424	0.001083306617573984	0.009235689896671284	-0.009083694479088453	0.013536971171825871	5.347158030543649	17728	5.3473997683498675
7.134930522616267e-05	0.0006115089794601123	0.008238521174958258	-0.007955517398054156	0.013414476952906745	5.3863737168181585	14272	5.385588402819104
0.0014852899859578866	0.0010094859964928132	0.009638442674867681	-0.008394792229107155	0.014228049133691188	5.425589403092668	10624	5.423953589036728
-0.0017062766124118507	-0.0025866402975383215	0.009579492719958354	-0.012884146187440704	0.01793154226271201	5.464805089367179	5376	5.461300455828557
-0.002440303898500873	0.00028339871229587926	0.005268723183358561	-0.011154310516852593	0.012424849180934745	5.504020775641688	3200	5.503189341303195
-0.0023552238109935102	-0.0008624796791208112	0.005193993374466332	-0.010122946707464286	0.010221490307803149	5.543236461916198	512	5.538178763239833
0.002264791592716643	-0.0013898011196120791	0.0028991013406984723	-0.002024110867593909	0.007314466354242554	5.582452148190708	256	5.573425311382969
