Count	Y Upper Quartile	X Mean	Y Std	Y Mean	X Center	Y Lower Quartile	Y Median
7744	4.280773618698521	2.8069895335711275	0.5588441620655354	3.8941841118310467	2.8075630150895257	3.651725190270437	3.9773101189748328
7488	4.30695364945007	2.870517876035964	0.5518401998071244	3.90983213525556	2.8663865445012906	3.5512870741048896	3.928728499797765
11840	4.218154815430519	2.9296866089951834	0.5863700191344858	3.785330683124274	2.925210073913055	3.4114305598101935	3.8466041546022955
13952	4.1780039169464525	2.9859376323210984	0.5343296639135663	3.8218642438349204	2.9840336033248196	3.4629647539727744	3.8154974976648894
17344	4.223893431673758	3.043337876614527	0.5299167249481769	3.8407226694279912	3.0428571327365845	3.5348171684466223	3.8746798012240786
21376	4.139360016234621	3.1038696499319407	0.529833599564267	3.758873951767269	3.1016806621483495	3.464136611298847	3.818681853848826
32576	4.043424184857578	3.1628901571595773	0.4953268479510435	3.7146474165618804	3.160504191560114	3.4248756337312996	3.7712010589235216
41792	3.9771405999380245	3.221082320996073	0.49366191756184086	3.6516239995182036	3.2193277209718785	3.402297720686529	3.7090401970595694
57536	3.859591192532879	3.279276265156625	0.4629751152351585	3.545129227027249	3.2781512503836434	3.280828440155171	3.6009464090803154
81152	3.797087922214893	3.33824584287628	0.43080394131786476	3.4906466471814315	3.3369747797954084	3.243194809700246	3.540792907938169
104064	3.7058854963184644	3.3972907456975934	0.4424672005898666	3.4046528232422637	3.395798309207173	3.167983347066201	3.4633449167272126
130624	3.6379119637212103	3.454992688857143	0.4240498953373374	3.3356268822048287	3.4546218386189373	3.077014697642517	3.382695557524425
145472	3.5538727895350677	3.5140997969787953	0.41230536046415933	3.2707069087918144	3.5134453680307023	3.0357444438273653	3.3146219143402624
145536	3.531305660475343	3.5716376156673473	0.4229059442049179	3.2306201773449317	3.5722688974424672	2.9831260060052562	3.282376021133839
135040	3.4999559683548487	3.630550559984402	0.40996541232128514	3.2291240166840596	3.6310924268542317	2.989911312024897	3.2778289777080403
113792	3.569166975266354	3.690201587316796	0.4114405594369721	3.269517302244667	3.689915956265996	3.0240197628570273	3.3188464449235564
106176	3.5970259856705975	3.748744660470527	0.37934777606319553	3.3434578871616263	3.748739485677761	3.162613152567446	3.403850582059035
117568	3.6335362128850255	3.8082062048294527	0.3552239030255357	3.397238417787355	3.807563015089526	3.2020371997089505	3.439938289941417
121536	3.6640948918261613	3.8666904995763094	0.3203266871769651	3.4628018151711983	3.8663865445012906	3.303753484033588	3.5004469966960157
119232	3.7072324017752063	3.9256372894935287	0.28400997266315353	3.5260863741706663	3.925210073913055	3.3696848067120007	3.5480986887320625
125568	3.741486051906495	3.9844001420506943	0.2489044571849442	3.5862582829254808	3.9840336033248196	3.4506496991861355	3.603210891224312
131456	3.7778882503669005	4.043088107902197	0.2246697314466892	3.6301967388847434	4.042857132736584	3.493953008859	3.6287045382651186
110272	3.820502383551597	4.099857843520227	0.22553175201041017	3.6678010131570464	4.1016806621483495	3.5141883477367566	3.6530091961161975
79616	3.8548821183236934	4.158920837812843	0.21402925833954567	3.718634829351285	4.160504191560114	3.5720337689784167	3.7106675488024456
55680	3.8973775897652274	4.21779465534679	0.20430930128584202	3.772885211144592	4.219327720971879	3.6397286267894495	3.755431976031561
30400	3.924298967293815	4.27523316714216	0.193410306660886	3.8025838705368744	4.278151250383644	3.666263135020195	3.7864242299980173
15616	3.9987426619175754	4.3340414026033764	0.14873539824156443	3.8866023175600017	4.336974779795408	3.7738617352245134	3.9020273544384647
9920	3.9774659651617585	4.39212272413448	0.12702307930135517	3.9078029317134177	4.395798309207173	3.850406885387234	3.9022050908231356
1856	3.963650499308698	4.438736794524318	0.10870221292778015	3.895876219873963	4.454621838618937	3.8250168037574133	3.876834066307679
0	nan	nan	nan	nan	4.513445368030702	nan	nan
0	nan	nan	nan	nan	4.572268897442467	nan	nan
0	nan	nan	nan	nan	4.631092426854232	nan	nan
0	nan	nan	nan	nan	4.689915956265997	nan	nan
0	nan	nan	nan	nan	4.748739485677762	nan	nan
0	nan	nan	nan	nan	4.807563015089526	nan	nan
0	nan	nan	nan	nan	4.866386544501291	nan	nan
0	nan	nan	nan	nan	4.925210073913055	nan	nan
0	nan	nan	nan	nan	4.98403360332482	nan	nan
0	nan	nan	nan	nan	5.042857132736584	nan	nan
0	nan	nan	nan	nan	5.1016806621483495	nan	nan
0	nan	nan	nan	nan	5.160504191560115	nan	nan
0	nan	nan	nan	nan	5.219327720971879	nan	nan
0	nan	nan	nan	nan	5.278151250383644	nan	nan
0	nan	nan	nan	nan	5.336974779795408	nan	nan
0	nan	nan	nan	nan	5.395798309207173	nan	nan
0	nan	nan	nan	nan	5.454621838618937	nan	nan
0	nan	nan	nan	nan	5.513445368030702	nan	nan
0	nan	nan	nan	nan	5.572268897442467	nan	nan
0	nan	nan	nan	nan	5.631092426854233	nan	nan
0	nan	nan	nan	nan	5.689915956265997	nan	nan
0	nan	nan	nan	nan	5.748739485677762	nan	nan
