Y Upper Quartile	Y Mean	Y Lower Quartile	X Center	Count	Y Median	Y Std	X Mean
6075.525144447807	6075.525144447806	6075.525144447807	2.8075630150895257	64	6075.525144447807	9.094947017729282e-13	2.797466870046982
6341.666625617786	6167.459571577086	5773.626997233745	2.8663865445012906	320	6128.254491154395	406.4162924293852	2.873982496715851
6909.618194266991	6604.973460984347	6386.607768148323	2.925210073913055	1024	6615.518507057107	368.93628638019754	2.9202334132416023
6983.726558601272	6742.805787894342	6617.303187477522	2.9840336033248196	640	6888.413331264139	363.43104141229725	2.991583536210911
7110.2221391271405	6871.377164960708	6673.385086566692	3.0428571327365845	1024	6939.623125800446	276.21940341371135	3.044185498265226
7309.155934402314	7155.083458888815	6965.575672817721	3.1016806621483495	1344	7246.855504586395	381.1544959037307	3.1028524805757884
7632.7098530728945	7300.453620285885	6938.2962373460305	3.160504191560114	3008	7251.7495706513655	471.3769949453085	3.164735564832492
7692.07138069779	7419.272484450763	7103.906605475174	3.2193277209718785	3904	7460.853321831045	379.7227426481875	3.22136449750209
8151.404950447957	7840.185809560523	7497.55671425795	3.2781512503836434	5568	7797.898248195673	556.2737454533227	3.2815962336429316
8123.193971814411	7787.314358768408	7385.758492135103	3.3369747797954084	7680	7691.287278441193	505.7991444895918	3.336282932398988
8189.764477286078	7930.976453098623	7569.241957135275	3.395798309207173	8448	7866.936594096056	494.71944387173755	3.396213593026272
8114.843253441679	7870.561836855195	7595.82189295482	3.4546218386189373	9408	7858.761621266516	391.8016935496284	3.454706032744524
8248.614487395635	7994.275065943666	7748.479282105967	3.5134453680307023	9088	7986.836677376644	426.82634271150573	3.5123921247461305
8297.570957556105	7998.798171695905	7757.612187812709	3.5722688974424672	8000	7947.233743361031	430.5734245470741	3.568881843243272
8163.273327371615	7905.446715192438	7693.8298666492465	3.6310924268542317	9408	7921.395762641911	430.58714981367103	3.63280583936486
8130.094727315274	7837.689555985404	7550.592418053821	3.689915956265996	15744	7844.978979000369	414.08120783681443	3.6933487576487214
7971.335283420724	7790.90544825357	7592.8626768205095	3.748739485677761	34368	7782.172259567226	316.49088710487746	3.75165990504877
7980.020722847099	7822.141939151324	7640.08777173415	3.807563015089526	69312	7808.779321797889	267.6894576064417	3.810674679263833
8049.51780595347	7898.957462290537	7731.357431699234	3.8663865445012906	97472	7883.602246431059	252.58199596443876	3.8665621193763524
8097.310474232995	7941.939455238357	7788.331515587266	3.925210073913055	101312	7937.171142398968	235.89479912764588	3.9253218039852458
8095.224437542475	7966.497402931499	7824.258813461441	3.9840336033248196	124288	7957.072368681851	211.84655051675526	3.9848743300525404
8141.774056041369	8015.729746331916	7887.357818995911	4.042857132736584	148736	8003.875529281911	194.09282397094896	4.042858672373397
8185.320105749524	8062.9658521519805	7936.808563249322	4.1016806621483495	143744	8061.793242041113	188.88364759720326	4.101669024609322
8234.84099022336	8115.765069328633	7995.439403165337	4.160504191560114	120512	8118.4623083935285	203.93456864121706	4.159210944639394
8276.859121042602	8159.117732332895	8042.95663345602	4.219327720971879	94848	8158.312416422238	186.7639779572112	4.218743493936218
8295.747318457174	8183.43226656726	8069.3435366100075	4.278151250383644	81664	8181.363559226534	179.20479993324756	4.278267435980674
8294.476576970521	8203.623179074391	8111.787887742554	4.336974779795408	87360	8202.970543873935	144.04546574254576	4.337447042338018
8302.931844062397	8220.132473783082	8138.0443666328365	4.395798309207173	85760	8215.803228760276	137.75553732000586	4.395712130706239
8325.462680277085	8236.786194576594	8155.301500720575	4.454621838618937	98496	8240.644406688285	133.46233107168138	4.454741099416949
8352.363889674196	8252.313771649131	8168.29880734986	4.513445368030702	101184	8268.044806974754	147.33599555723995	4.512956703615777
8371.416970374574	8273.256278402061	8186.978917075359	4.572268897442467	97472	8283.586625787233	151.58732451636433	4.57320773036418
8392.13856305662	8284.494795296036	8173.7436478863165	4.631092426854232	107904	8290.733510778746	154.18887635239795	4.630976674215843
8420.23592440908	8308.549002630913	8192.285490562526	4.689915956265997	106624	8299.709610570517	171.08990664613253	4.689092892498409
8462.262540811478	8348.811203646119	8224.2501360509	4.748739485677762	85568	8332.640617351994	198.37103405176273	4.747814029105687
8523.134220270693	8394.547607770337	8251.330785082808	4.807563015089526	66752	8375.574813905194	197.94556382548186	4.806150177558866
8547.194301024245	8431.692180760447	8297.779973082592	4.866386544501291	59712	8413.738621092298	198.36904830635177	4.865425637567628
8586.882861815573	8474.921249210238	8336.78874228001	4.925210073913055	43712	8439.007567777777	222.00484011476973	4.92177737991281
8651.01438451575	8550.057982541926	8417.861752590085	4.98403360332482	27456	8526.892005319301	207.03896005874654	4.9811767484869485
8693.740628948428	8568.423120946693	8437.111008666165	5.042857132736584	18816	8544.576351797601	178.6418035770132	5.042920117403777
8806.784572058205	8643.370129503552	8446.426277347655	5.1016806621483495	16384	8578.400095004326	276.99294046083	5.101552127814466
8810.023845754587	8741.827207995238	8566.812223953613	5.160504191560115	9088	8694.437513999219	297.3332346153275	5.154667470252016
8863.663765406745	8773.990965905272	8644.284979961332	5.219327720971879	2304	8730.988615676746	178.76066557695805	5.211703975366216
8821.684517144184	8766.479572146933	8690.479221830003	5.278151250383644	768	8765.077976764154	133.76518571870858	5.268394602582924
11549.839574987438	10120.209835470729	8690.580095954017	5.336974779795408	128	10120.209835470727	1429.62973951671	5.326915673585544
nan	nan	nan	5.395798309207173	0	nan	nan	nan
nan	nan	nan	5.454621838618937	0	nan	nan	nan
nan	nan	nan	5.513445368030702	0	nan	nan	nan
nan	nan	nan	5.572268897442467	0	nan	nan	nan
nan	nan	nan	5.631092426854233	0	nan	nan	nan
nan	nan	nan	5.689915956265997	0	nan	nan	nan
nan	nan	nan	5.748739485677762	0	nan	nan	nan
