Count	Y Upper Quartile	X Mean	Y Std	Y Mean	X Center	Y Lower Quartile	Y Median
0	nan	nan	nan	nan	2.8075630150895257	nan	nan
0	nan	nan	nan	nan	2.8663865445012906	nan	nan
0	nan	nan	nan	nan	2.925210073913055	nan	nan
0	nan	nan	nan	nan	2.9840336033248196	nan	nan
0	nan	nan	nan	nan	3.0428571327365845	nan	nan
0	nan	nan	nan	nan	3.1016806621483495	nan	nan
65536	8815.344457496063	3.1602891901678016	1.8189894035458565e-12	8815.344457496061	3.160504191560114	8815.344457496063	8815.344457496063
0	nan	nan	nan	nan	3.2193277209718785	nan	nan
0	nan	nan	nan	nan	3.2781512503836434	nan	nan
65536	9011.422799078955	3.3549953609422336	1.8189894035458565e-12	9011.422799078953	3.3369747797954084	9011.422799078955	9011.422799078955
65536	8736.358362721867	3.413817973082863	3.637978807091713e-12	8736.358362721863	3.395798309207173	8736.358362721867	8736.358362721867
0	nan	nan	nan	nan	3.4546218386189373	nan	nan
65536	8885.674656835246	3.5339192579193477	5.4569682106375694e-12	8885.674656835241	3.5134453680307023	8885.674656835246	8885.674656835246
131072	9032.24272715689	3.556596532366196	514.0123780082005	8518.23034914869	3.5722688974424672	8004.21797114049	8518.23034914869
0	nan	nan	nan	nan	3.6310924268542317	nan	nan
196608	8621.639813676387	3.6964096672279485	193.26140296641344	8447.345205655498	3.689915956265996	8177.876764565578	8542.519038724531
65536	8120.187614878377	3.719503731858837	0.0	8120.187614878377	3.748739485677761	8120.187614878377	8120.187614878377
131072	9314.593572425048	3.835433052001911	53.35454839828345	9261.239024026763	3.807563015089526	9207.884475628482	9261.239024026765
0	nan	nan	nan	nan	3.8663865445012906	nan	nan
196608	9322.456119985653	3.928843086987046	147.4183801990359	9190.823123914752	3.925210073913055	8984.996504852965	9265.016746905645
196608	9216.51426305782	3.9801410721852073	344.05473948510115	8959.586046441284	3.9840336033248196	8473.279215316237	9188.964660949796
0	nan	nan	nan	nan	4.042857132736584	nan	nan
131072	9208.843751105105	4.082955110683415	109.00784204254616	9099.83590906256	4.1016806621483495	8990.828067020013	9099.83590906256
65536	8652.582652861747	4.135223585934241	0.0	8652.582652861747	4.160504191560114	8652.582652861747	8652.582652861747
0	nan	nan	nan	nan	4.219327720971879	nan	nan
196608	9684.143331737403	4.275357376603696	109.14343084608689	9554.13408533146	4.278151250383644	9417.076498053435	9561.182426203537
131072	9202.515993973173	4.350058719909998	81.18976674149417	9121.326227231679	4.336974779795408	9040.136460490185	9121.326227231679
0	nan	nan	nan	nan	4.395798309207173	nan	nan
131072	10625.156711511157	4.453505912475673	215.39707983395692	10409.759631677201	4.454621838618937	10194.362551843244	10409.7596316772
131072	10415.012441753446	4.519454710217413	210.48134496032162	10204.53109679312	4.513445368030702	9994.049751832803	10204.531096793125
0	nan	nan	nan	nan	4.572268897442467	nan	nan
0	nan	nan	nan	nan	4.631092426854232	nan	nan
0	nan	nan	nan	nan	4.689915956265997	nan	nan
0	nan	nan	nan	nan	4.748739485677762	nan	nan
0	nan	nan	nan	nan	4.807563015089526	nan	nan
0	nan	nan	nan	nan	4.866386544501291	nan	nan
0	nan	nan	nan	nan	4.925210073913055	nan	nan
0	nan	nan	nan	nan	4.98403360332482	nan	nan
0	nan	nan	nan	nan	5.042857132736584	nan	nan
0	nan	nan	nan	nan	5.1016806621483495	nan	nan
0	nan	nan	nan	nan	5.160504191560115	nan	nan
0	nan	nan	nan	nan	5.219327720971879	nan	nan
0	nan	nan	nan	nan	5.278151250383644	nan	nan
0	nan	nan	nan	nan	5.336974779795408	nan	nan
0	nan	nan	nan	nan	5.395798309207173	nan	nan
0	nan	nan	nan	nan	5.454621838618937	nan	nan
0	nan	nan	nan	nan	5.513445368030702	nan	nan
0	nan	nan	nan	nan	5.572268897442467	nan	nan
0	nan	nan	nan	nan	5.631092426854233	nan	nan
0	nan	nan	nan	nan	5.689915956265997	nan	nan
0	nan	nan	nan	nan	5.748739485677762	nan	nan
