X Mean	Y Lower Quartile	Y Mean	Count	Y Upper Quartile	Y Median	X Center	Y Std
nan	nan	nan	0	nan	nan	3.6216678344652173	nan
nan	nan	nan	0	nan	nan	3.660883520739727	nan
nan	nan	nan	0	nan	nan	3.700099207014237	nan
nan	nan	nan	0	nan	nan	3.7393148932887468	nan
nan	nan	nan	0	nan	nan	3.778530579563257	nan
nan	nan	nan	0	nan	nan	3.8177462658377666	nan
nan	nan	nan	0	nan	nan	3.856961952112276	nan
nan	nan	nan	0	nan	nan	3.896177638386786	nan
nan	nan	nan	0	nan	nan	3.9353933246612955	nan
nan	nan	nan	0	nan	nan	3.9746090109358057	nan
nan	nan	nan	0	nan	nan	4.013824697210316	nan
nan	nan	nan	0	nan	nan	4.053040383484825	nan
nan	nan	nan	0	nan	nan	4.092256069759335	nan
nan	nan	nan	0	nan	nan	4.131471756033845	nan
nan	nan	nan	0	nan	nan	4.170687442308354	nan
nan	nan	nan	0	nan	nan	4.209903128582864	nan
nan	nan	nan	0	nan	nan	4.249118814857374	nan
nan	nan	nan	0	nan	nan	4.288334501131884	nan
nan	nan	nan	0	nan	nan	4.327550187406394	nan
nan	nan	nan	0	nan	nan	4.366765873680904	nan
nan	nan	nan	0	nan	nan	4.405981559955413	nan
nan	nan	nan	0	nan	nan	4.445197246229924	nan
nan	nan	nan	0	nan	nan	4.4844129325044335	nan
nan	nan	nan	0	nan	nan	4.523628618778943	nan
nan	nan	nan	0	nan	nan	4.562844305053453	nan
nan	nan	nan	0	nan	nan	4.6020599913279625	nan
nan	nan	nan	0	nan	nan	4.641275677602472	nan
nan	nan	nan	0	nan	nan	4.680491363876982	nan
4.727818225850428	8253.27917829282	8253.279178292823	443	8253.27917829282	8253.27917829282	4.7197070501514915	3.637978807091713e-12
nan	nan	nan	0	nan	nan	4.758922736426001	nan
4.811638932680977	8327.95098366714	8327.950983667139	3858	8327.95098366714	8327.95098366714	4.798138422700512	1.8189894035458565e-12
4.844467328154711	8251.55068184896	8249.989841383294	2392	8251.55068184896	8251.55068184896	4.837354108975021	17.443377694251552
4.871886329374626	8128.412051821608	8143.500548363914	1805	8128.412051821608	8128.412051821608	4.876569795249531	47.72856028037366
4.908074476313605	8308.631614788033	8319.115567696119	8124	8329.425470604752	8329.425470604752	4.915785481524041	10.396563691001274
4.952809010191083	8375.449134053457	8375.449134053457	1416	8375.449134053457	8375.449134053457	4.955001167798551	0.0
4.988937305089327	8172.777465937919	8343.38701728182	9801	8423.40664329659	8423.40664329659	4.994216854073061	123.41062540795491
5.050133977533376	8443.418518397544	8417.127762743577	3170	8443.418518397544	8443.418518397544	5.033432540347571	59.2823193231577
5.060552934191754	8124.87621743776	8197.129194556584	3739	8178.23693362132	8178.23693362132	5.07264822662208	95.45954476835949
5.110547320853706	8538.681590400149	8537.032183999772	1076	8538.681590400149	8538.681590400149	5.11186391289659	27.00194650250726
5.146142059364895	8588.535249339267	8647.001709193515	11457	8700.55724036555	8650.596240753643	5.1510795991711	46.620126305933354
5.19241219597348	8744.23415222306	8744.234152223058	1662	8744.23415222306	8744.23415222306	5.190295285445609	1.8189894035458565e-12
5.242996439730702	8737.50192178828	8737.50192178828	2633	8737.50192178828	8737.50192178828	5.229510971720119	0.0
5.2612037442007695	8810.86797957054	8810.86797957054	318	8810.86797957054	8810.86797957054	5.268726657994629	0.0
nan	nan	nan	0	nan	nan	5.307942344269139	nan
5.355531086874297	8859.200977158956	8847.252085244327	4031	8859.200977158956	8859.200977158956	5.347158030543649	43.650588833675904
5.382909435958205	8735.408177366702	8735.408177366699	1140	8735.408177366702	8735.408177366702	5.3863737168181585	3.637978807091713e-12
nan	nan	nan	0	nan	nan	5.425589403092668	nan
nan	nan	nan	0	nan	nan	5.464805089367179	nan
nan	nan	nan	0	nan	nan	5.504020775641688	nan
nan	nan	nan	0	nan	nan	5.543236461916198	nan
nan	nan	nan	0	nan	nan	5.582452148190708	nan
