Y Lower Quartile	Y Mean	Count	Y Std	X Center	X Mean	Y Median	Y Upper Quartile
nan	nan	0	nan	3.6216678344652173	nan	nan	nan
nan	nan	0	nan	3.660883520739727	nan	nan	nan
nan	nan	0	nan	3.700099207014237	nan	nan	nan
nan	nan	0	nan	3.7393148932887468	nan	nan	nan
nan	nan	0	nan	3.778530579563257	nan	nan	nan
nan	nan	0	nan	3.8177462658377666	nan	nan	nan
nan	nan	0	nan	3.856961952112276	nan	nan	nan
nan	nan	0	nan	3.896177638386786	nan	nan	nan
nan	nan	0	nan	3.9353933246612955	nan	nan	nan
nan	nan	0	nan	3.9746090109358057	nan	nan	nan
nan	nan	0	nan	4.013824697210316	nan	nan	nan
nan	nan	0	nan	4.053040383484825	nan	nan	nan
nan	nan	0	nan	4.092256069759335	nan	nan	nan
nan	nan	0	nan	4.131471756033845	nan	nan	nan
nan	nan	0	nan	4.170687442308354	nan	nan	nan
nan	nan	0	nan	4.209903128582864	nan	nan	nan
nan	nan	0	nan	4.249118814857374	nan	nan	nan
nan	nan	0	nan	4.288334501131884	nan	nan	nan
nan	nan	0	nan	4.327550187406394	nan	nan	nan
nan	nan	0	nan	4.366765873680904	nan	nan	nan
nan	nan	0	nan	4.405981559955413	nan	nan	nan
nan	nan	0	nan	4.445197246229924	nan	nan	nan
nan	nan	0	nan	4.4844129325044335	nan	nan	nan
nan	nan	0	nan	4.523628618778943	nan	nan	nan
nan	nan	0	nan	4.562844305053453	nan	nan	nan
nan	nan	0	nan	4.6020599913279625	nan	nan	nan
nan	nan	0	nan	4.641275677602472	nan	nan	nan
nan	nan	0	nan	4.680491363876982	nan	nan	nan
-0.0056977591921972	-0.005697759192197201	443	8.673617379884035e-19	4.7197070501514915	4.728282024261481	-0.0056977591921972	-0.0056977591921972
nan	nan	0	nan	4.758922736426001	nan	nan	nan
0.007555161768230322	0.00755516176823032	3858	1.734723475976807e-18	4.798138422700512	4.811179057970562	0.007555161768230322	0.007555161768230322
-0.00823731107507308	-0.008244946551333097	2392	8.533126812698547e-05	4.837354108975021	4.844118737334587	-0.00823731107507308	-0.00823731107507308
-0.015363846412585145	-0.012731616846420393	1805	0.0083263781231096	4.876569795249531	4.871944214452631	-0.015363846412585145	-0.015363846412585145
-0.005786375566783996	0.003005868506847205	8124	0.008718956132266172	4.915785481524041	4.907953938359968	0.011652147590974759	0.011652147590974759
-0.0020865592837026664	-0.002086559283702667	1416	4.336808689942018e-19	4.955001167798551	4.952275630667907	-0.0020865592837026664	-0.0020865592837026664
0.004661527013872083	0.005217296802603001	9801	0.0008422032571009419	4.994216854073061	4.988839130008662	0.004661527013872083	0.006373429368123213
-0.005566120956368802	-0.004176377483011325	3170	0.0031336952596269212	5.033432540347571	5.049755925388106	-0.005566120956368802	-0.005566120956368802
0.002886754889470659	0.001627443359742711	3739	0.0038422070371532157	5.07264822662208	5.060512004009738	0.0031583783103737205	0.0031583783103737205
-0.007774579737630253	-0.007775634658905012	1076	1.7269805560889106e-05	5.11186391289659	5.110313576277757	-0.007774579737630253	-0.007774579737630253
-0.012994940713783732	-0.007668843992192321	11457	0.004796396171785615	5.1510795991711	5.146045899368375	-0.008717431156218583	-0.0015784232181256712
-0.007572644784159052	-0.007572644784159051	1662	8.673617379884035e-19	5.190295285445609	5.191892968213763	-0.007572644784159052	-0.007572644784159052
0.0038899499868261384	0.003889949986826138	2633	4.336808689942018e-19	5.229510971720119	5.242684809171782	0.0038899499868261384	0.0038899499868261384
0.01243741581989521	0.012437415819895211	318	1.734723475976807e-18	5.268726657994629	5.26115380747018	0.01243741581989521	0.01243741581989521
nan	nan	0	nan	5.307942344269139	nan	nan	nan
-0.006046178399260271	-0.00576672243722279	4031	0.001020882721441644	5.347158030543649	5.3555224273637405	-0.006046178399260271	-0.006046178399260271
0.0027673208291458342	0.0027673208291458347	1140	4.336808689942018e-19	5.3863737168181585	5.382985366662239	0.0027673208291458342	0.0027673208291458342
nan	nan	0	nan	5.425589403092668	nan	nan	nan
nan	nan	0	nan	5.464805089367179	nan	nan	nan
nan	nan	0	nan	5.504020775641688	nan	nan	nan
nan	nan	0	nan	5.543236461916198	nan	nan	nan
nan	nan	0	nan	5.582452148190708	nan	nan	nan
