Y Std	Y Median	X Center	Count	Y Mean	Y Upper Quartile	Y Lower Quartile	X Mean
1.3877787807814457e-17	0.08420623759613524	3.6216678344652173	64	0.08420623759613523	0.08420623759613524	0.08420623759613524	3.6372137350596465
0.3233503004396161	-0.7023058317113535	3.660883520739727	320	-0.5655031453363957	-0.4581149171070442	-0.7274436313320738	3.661654992630426
0.6565921870619617	-0.11922514289187446	3.700099207014237	960	-0.15928400980734436	0.48164097029827074	-0.7374830628094582	3.7004310266281655
0.6441594519182775	0.2341445059510181	3.7393148932887468	1152	0.16624194957290056	0.46510324954641297	-0.1763676119872297	3.7366670346341713
0.8078547230471753	-0.15806872186861726	3.778530579563257	1536	-0.09824079705967652	0.44129013477949053	-0.5361702229346716	3.7830750658289993
0.618484082914052	0.03462156177253826	3.8177462658377666	1856	-0.03229125430658503	0.4962547506277257	-0.47831408812719545	3.8218052615716642
0.7498607899889167	-0.13824329899683624	3.856961952112276	2752	-0.07910881369070727	0.4111877817207743	-0.5628669876460366	3.8584165860230026
0.7780260181726074	-0.21593716832794338	3.896177638386786	3968	-0.10066236261454145	0.45306969703239014	-0.6543483790630389	3.894865335180472
0.7012914063980022	-0.05248561990840141	3.9353933246612955	3840	-0.07215666169360892	0.4779299502314649	-0.610826446673747	3.9331081941537334
0.7008961522497096	-0.09665976580003256	3.9746090109358057	4864	-0.13176727934173696	0.3670906997887291	-0.6456230726539547	3.9758279989827505
0.5878545573308326	0.050418515590546796	4.013824697210316	7616	0.046484056278601284	0.4758747830877925	-0.33671412918553045	4.0140811392830065
0.6289860118514995	0.02377908698699669	4.053040383484825	8832	0.06750305200083248	0.4583130657135932	-0.3361270879204268	4.052941640576902
0.6502674082420322	0.004968664177559	4.092256069759335	9472	-0.007893574335408481	0.40108184835491234	-0.4432656952575576	4.093220073040418
0.6066536031234826	0.03750179376148898	4.131471756033845	11136	0.026176748752838225	0.4121536080417858	-0.33057123801288396	4.133052958022479
0.5703260162532473	-0.010865957186799283	4.170687442308354	18688	-0.03873376361449828	0.3141633609673575	-0.33934811348668026	4.173486923024255
0.5751694456421452	0.004240961822886492	4.209903128582864	37824	-0.008607542070162715	0.30496062120836476	-0.29409924126765485	4.211488845154656
0.5112669055294832	0.02366209298049869	4.249118814857374	60352	-0.002237825335220032	0.2765927203774825	-0.2843260706850246	4.249647977867157
0.4853131167400767	0.014653810978614559	4.288334501131884	70848	1.557454908706296e-05	0.24144664900383941	-0.22516383299979378	4.288647588919604
0.4731895658880398	0.04771351952812706	4.327550187406394	88128	0.024787494657734655	0.27648305875974044	-0.21827358560715823	4.32780490136583
0.450721191174758	0.02048826676591494	4.366765873680904	84096	-0.000532150211132621	0.22924055515911593	-0.2110374907382675	4.366989991176071
0.4348143899762082	0.019500373177774363	4.405981559955413	94656	0.0023916803419931553	0.22717353437441767	-0.2024133006136508	4.406657950198571
0.4021237990129325	0.016489172300127933	4.445197246229924	93312	0.005301644313629641	0.21612062332690615	-0.18551229618169618	4.445679977582328
0.3822686632083558	0.015505848523131884	4.4844129325044335	93120	0.01506563965688616	0.2084437108888988	-0.15916888405407906	4.484440933340775
0.3716928639317657	0.021964934736832007	4.523628618778943	94400	-0.009910742426845856	0.17463452107324115	-0.17830696678530966	4.523677502922734
0.3310940958773526	0.001394701022746842	4.562844305053453	89536	-0.004907670213948899	0.16893103951489158	-0.15960910168120795	4.562656028690562
0.31872222917125587	-0.0015246385243456993	4.6020599913279625	88128	-0.015482952585087332	0.14421938631375	-0.16413895488857339	4.601861585535283
0.299669369449163	0.004769947982953529	4.641275677602472	87680	-0.016861860977758606	0.14414627966065743	-0.14706438408664682	4.641365247008489
0.28198441796734863	0.009563240447476551	4.680491363876982	66688	-0.0030852923522380724	0.14055634901334366	-0.13386252444239236	4.67929598583542
0.2821650674629659	0.012186296881094806	4.7197070501514915	57984	-0.010097621984173034	0.13338782341464933	-0.12495845501711585	4.719631238625448
0.24422053517098546	0.019497729245863092	4.758922736426001	59200	0.0035315378385958975	0.1231119408575303	-0.0978600016831743	4.75889928225213
0.20772119256719296	-0.003381222544856357	4.798138422700512	68672	-0.02326255458556383	0.08393554707071489	-0.10178133499808963	4.799198801519677
0.18112918126506003	-0.003000658473152514	4.837354108975021	65472	-0.015614614580331834	0.08073470915314604	-0.09605841822505741	4.836516078167674
0.1475403145719294	0.002576478788092207	4.876569795249531	68480	-0.004568931052813874	0.07505200702788704	-0.07964228913112995	4.877359867946391
0.1265189672032546	0.0009474572864669515	4.915785481524041	78144	-0.008304986560787602	0.06912052275791195	-0.07637467620727764	4.915654096545579
0.1071213469316173	-0.004634764452603915	4.955001167798551	77440	-0.006483116300521598	0.06003856592921467	-0.06763070615263268	4.955195475490375
0.10110896787472175	-0.002446599260260772	4.994216854073061	65408	-0.004902171046678746	0.06052628442355571	-0.061891138634571526	4.994384721727758
0.09367564433639876	0.007561873514361688	5.033432540347571	80192	0.0033489181838151634	0.06163952448163857	-0.04933735375234741	5.033969727800378
0.08266954865537765	0.0025223255964728327	5.07264822662208	74112	0.0017454918806444075	0.055102306052151814	-0.05133915874293393	5.072520769704104
0.073259344902747	0.0028346971370667553	5.11186391289659	65280	0.0019913090476640495	0.04515909006081148	-0.042629955962927166	5.1106416684688565
0.06912467202531289	0.0002901804711252839	5.1510795991711	63232	0.0013882557029541297	0.04456185476502526	-0.03844323209623365	5.150852933957216
0.06559874114595632	-0.00018217149890036055	5.190295285445609	55040	-0.0012323766196157854	0.038442547328111025	-0.038735006306575705	5.1898340294545475
0.06596932957532836	-0.003898245731770822	5.229510971720119	46528	-0.0002857685517613415	0.041910912416097894	-0.04322884235568704	5.229355140163946
0.07351007381028235	0.0026361687439063123	5.268726657994629	35776	0.0014694585143338584	0.03361532037808689	-0.036736997249935864	5.268383908706569
0.07296362680510717	0.0025051802080149153	5.307942344269139	23808	0.0014300199273138618	0.04579808148852044	-0.04140223670247289	5.306694273708722
0.08560954309515871	0.004960039004439499	5.347158030543649	17664	0.010364686114493609	0.041608966499124406	-0.031477683910830376	5.347429076578129
0.07157542244714601	0.000651251336713268	5.3863737168181585	14144	0.006567039938233172	0.035168939416650356	-0.03054257512013077	5.3855822935296915
0.056622553775864934	-0.0014284669365638779	5.425589403092668	10944	-0.0023838059733455965	0.030024590771418523	-0.03663941160327373	5.423674603937841
0.06135673569300419	0.005471459392745135	5.464805089367179	5504	9.334777485915819e-05	0.03384440527745888	-0.021923193255222198	5.46217162484411
0.07355671923215852	-0.006049655422903007	5.504020775641688	3072	0.0003022164639931192	0.03420446568347371	-0.035860554853746986	5.502040896242388
0.05615681507494042	-0.00529930126294078	5.543236461916198	704	0.007367264271170376	0.03573557194383704	-0.02953265118313647	5.536855948812202
0.017942980985544265	0.005747951034107	5.582452148190708	320	0.0056446721163001855	0.01878626026230496	-0.009509217719355792	5.575324865974554
