Y Mean	Y Median	Y Upper Quartile	Y Lower Quartile	Y Std	X Center	Count	X Mean
132.20448777986334	158.61885077756688	795.3933254223593	-840.3221245075601	934.3359403910672	3.6216678344652173	384	3.630169648463782
3.8322218187350803	-66.11196633928876	611.6177605686707	-972.6382661864964	1398.0003310044617	3.660883520739727	1152	3.6690655054393195
195.90988179675796	112.380484828931	1085.3363577057662	-723.9586515283099	1258.9289022655598	3.700099207014237	2432	3.699635260221609
-185.01018579122047	-168.00466651105944	541.5563253450791	-907.8254307964444	1118.6387372069846	3.7393148932887468	4160	3.7410263499948604
-143.782228138386	-157.64952896977593	502.6421511174394	-887.3689243629469	1175.04177932882	3.778530579563257	6336	3.779304694588611
33.655358979153704	41.291949225822464	604.4818915122942	-470.2968132265851	1088.0502870670025	3.8177462658377666	8640	3.8192302176089186
-35.65612452414288	-33.15468441000485	561.0871446753481	-471.0779558142676	1069.4330772031153	3.856961952112276	11136	3.8575329805557246
-31.784481262594305	-11.086582844754957	520.6847429426907	-553.6053531261741	949.2191780226043	3.896177638386786	13632	3.8960385847279757
-47.58534849620236	20.16097291932965	501.5796295536911	-491.9851840589945	802.4933922858081	3.9353933246612955	13888	3.933934733483471
-53.99092533812119	25.059565773193754	383.35890589327755	-432.10166833769654	788.0520314336719	3.9746090109358057	15232	3.974703776673493
44.852031423461625	59.104167245398	418.623093610257	-303.78999393474896	720.5686739601164	4.013824697210316	18432	4.014779588878538
19.375040232507562	22.33224679275736	376.86740432660736	-382.29373808011223	810.9638170223193	4.053040383484825	21440	4.053040022783575
-13.453157027078698	-5.995571583326182	319.0557332298147	-303.8127110754872	610.8992833076895	4.092256069759335	21760	4.092002643059515
-30.452846267408436	-32.21887024530406	341.0262628221535	-366.96840385819996	498.5377623325931	4.131471756033845	24000	4.1323120204999535
-3.5941096162347064	21.75594118832214	269.67313815383204	-264.2367680229272	540.036104908616	4.170687442308354	35392	4.173180284540995
-8.714843475196519	-2.43593942769985	205.02365257448764	-220.6518721452885	377.43063987843243	4.209903128582864	63104	4.211973276341877
-11.824433385325143	7.945561529333645	189.5205037051428	-196.16448706681604	340.70598637175175	4.249118814857374	92608	4.250004190801521
-6.075524153378245	-2.437292429171066	178.68631671841376	-174.9043500819589	334.36049078440055	4.288334501131884	101248	4.288572852147669
-11.172693363285845	-2.014722940487445	146.7783759052818	-159.8095675753366	256.50107765473007	4.327550187406394	124800	4.32781502372291
-14.845187995966498	-9.473613747632044	137.4575111795334	-152.9286380464382	241.50544093681168	4.366765873680904	114176	4.366730574691887
-7.283100103370886	0.2817603232319925	136.30181597636738	-142.5625181814612	249.42749797002733	4.405981559955413	120832	4.405785967689206
-1.5683490795822117	1.9429134956017151	124.75203084469649	-122.95820351653674	216.88771475604128	4.445197246229924	117888	4.444889467105822
-11.290179311011283	-7.837594014779825	101.53684664812499	-115.42264850326319	202.06582424522108	4.4844129325044335	112448	4.4841497341130205
-4.18464137544444	2.6546929081723647	108.02510310225489	-107.97758773449232	211.0877523929947	4.523628618778943	113408	4.523490410354426
-8.536420044581092	-9.337210775939639	99.45349327212352	-116.78027713222764	182.40897183533994	4.562844305053453	104576	4.562142827356663
-4.45379218495289	-7.6424153533671415	94.7050824190992	-107.64346748709431	177.28521127137458	4.6020599913279625	98688	4.601564775908456
11.45537178173029	8.532406352194812	113.42318625432745	-88.00884695179047	171.63525212034378	4.641275677602472	95296	4.640492532501694
-8.68907512459856	-7.556738509301795	94.48714073639894	-106.90168410136721	160.19353860891766	4.680491363876982	73344	4.678850330984623
-4.340516271104011	-3.0412266955354426	85.24281112392237	-80.83894560749832	142.30630022394874	4.7197070501514915	61632	4.719594596572773
-1.4822616275398584	0.9023129557808716	80.1402934007292	-91.06440283099255	137.53178561963765	4.758922736426001	60288	4.7588763952076825
-4.025839390061542	-4.281271768926672	70.07007788723058	-72.1210801434845	123.74576815272479	4.798138422700512	70336	4.799323665490716
3.814620551145146	2.9246964503436175	76.53639303116643	-72.77736241583989	121.16424906978737	4.837354108975021	66048	4.836370071439411
0.43534360704769365	1.7997940089790063	66.77779277084846	-68.67482486002154	115.02499800307851	4.876569795249531	68288	4.877355002600991
1.2356721552532284	2.6404065591332255	63.82834769026658	-61.848833058610126	98.18635687015157	4.915785481524041	77824	4.915338298005918
-2.4457928182642115	-3.1998620289832616	60.97394659054953	-65.02656963415393	113.62930734375655	4.955001167798551	77952	4.9547460400641095
-2.1406339187434513	-2.0411431473512494	61.448516981270586	-65.7349015727832	107.38444715848235	4.994216854073061	65984	4.9941799640119635
4.170407682722929	8.29070853756184	65.35029645705617	-56.130223219015534	100.27941564664016	5.033432540347571	79488	5.03382563063838
-0.6541627340831881	0.08155038627137401	51.95067655019375	-54.74126088545745	95.54575105721402	5.07264822662208	74368	5.0723394769781756
0.7251338246544735	0.756022690453392	54.29581578909347	-50.32582125718909	91.50112939262935	5.11186391289659	66368	5.110718399205169
-0.27534263568318745	-0.24409098915384675	50.115658855531365	-48.975493993339114	85.29764037177503	5.1510795991711	62528	5.151016843514047
3.941105413286724	3.5541328589333716	52.568297153169624	-42.72696231255031	83.02728215145711	5.190295285445609	54848	5.18969359738549
-3.3447946210241235	-4.119559509936153	41.93151344113721	-47.30818240387816	83.62885088415089	5.229510971720119	46784	5.229281779042862
-0.5890384347110621	4.889201067579961	47.030468564063995	-41.914214622505824	79.3892502892396	5.268726657994629	35456	5.268107667854005
-3.38868910710929	1.7234968996417592	40.24244188481498	-40.9244093394027	97.11789692985474	5.307942344269139	24128	5.3062635090724255
-9.646594801644943	-4.778192464718813	30.900459466407483	-42.04973304004852	105.25103216895103	5.347158030543649	17728	5.3473997683498675
-6.533330689444289	1.5732554694959617	42.009327061157364	-39.14708858458607	157.57624641958273	5.3863737168181585	14336	5.385522762540338
-10.982699132793718	-8.384772928925486	26.0884047399486	-42.92079648071558	91.19562114294511	5.425589403092668	10752	5.423924676651237
-15.133661707979183	-6.51179215117827	49.519941545191614	-58.741600861752886	162.50894370996886	5.464805089367179	5504	5.461757716014699
3.166086746375774	17.762675865889832	41.02233000511478	-32.79694110586388	50.330891147331265	5.504020775641688	3264	5.502899271836746
-20.31027870455101	-14.403573553961905	-2.15032317164696	-41.455131972375966	32.08368253285778	5.543236461916198	576	5.539390387863467
890.2793747555979	6.588225375633556	90.94566485498581	-1.11029373448946	1743.359703310358	5.582452148190708	320	5.572562204574536
