Y Mean	Count	Y Std	Y Median	Y Upper Quartile	Y Lower Quartile	X Mean	X Center
nan	0	nan	nan	nan	nan	nan	3.6216678344652173
nan	0	nan	nan	nan	nan	nan	3.660883520739727
nan	0	nan	nan	nan	nan	nan	3.700099207014237
nan	0	nan	nan	nan	nan	nan	3.7393148932887468
nan	0	nan	nan	nan	nan	nan	3.778530579563257
nan	0	nan	nan	nan	nan	nan	3.8177462658377666
nan	0	nan	nan	nan	nan	nan	3.856961952112276
nan	0	nan	nan	nan	nan	nan	3.896177638386786
nan	0	nan	nan	nan	nan	nan	3.9353933246612955
nan	0	nan	nan	nan	nan	nan	3.9746090109358057
nan	0	nan	nan	nan	nan	nan	4.013824697210316
nan	0	nan	nan	nan	nan	nan	4.053040383484825
nan	0	nan	nan	nan	nan	nan	4.092256069759335
nan	0	nan	nan	nan	nan	nan	4.131471756033845
nan	0	nan	nan	nan	nan	nan	4.170687442308354
nan	0	nan	nan	nan	nan	nan	4.209903128582864
nan	0	nan	nan	nan	nan	nan	4.249118814857374
nan	0	nan	nan	nan	nan	nan	4.288334501131884
nan	0	nan	nan	nan	nan	nan	4.327550187406394
nan	0	nan	nan	nan	nan	nan	4.366765873680904
nan	0	nan	nan	nan	nan	nan	4.405981559955413
nan	0	nan	nan	nan	nan	nan	4.445197246229924
nan	0	nan	nan	nan	nan	nan	4.4844129325044335
nan	0	nan	nan	nan	nan	nan	4.523628618778943
nan	0	nan	nan	nan	nan	nan	4.562844305053453
nan	0	nan	nan	nan	nan	nan	4.6020599913279625
nan	0	nan	nan	nan	nan	nan	4.641275677602472
nan	0	nan	nan	nan	nan	nan	4.680491363876982
-4.5569535126693226e-05	443	6.776263578034403e-21	-4.556953512669322e-05	-4.556953512669322e-05	-4.556953512669322e-05	4.7274042766395805	4.7197070501514915
nan	0	nan	nan	nan	nan	nan	4.758922736426001
-0.0019356399474448522	3858	4.336808689942018e-19	-0.0019356399474448527	-0.0019356399474448527	-0.0019356399474448527	4.811634008072245	4.798138422700512
-0.0003375125722103155	2392	1.4284906656686791e-05	-0.0003387907914146914	-0.0003387907914146914	-0.0003387907914146914	4.844273894176454	4.837354108975021
0.0014656736949814092	1805	0.0002653759960342113	0.00154956737991663	0.00154956737991663	0.00154956737991663	4.871579138818174	4.876569795249531
-0.00044613924749217234	8124	0.0012687260347100764	0.0008120112938101424	0.0008120112938101424	-0.0017255296688363344	4.907644458827491	4.915785481524041
0.002281430323554575	1416	0.0	0.002281430323554575	0.002281430323554575	0.002281430323554575	4.952959664968694	4.955001167798551
0.0009243326032326597	9801	0.0004888040883538313	0.0009344956332246748	0.0009344956332246748	0.00038566897166747747	4.988926569823155	4.994216854073061
0.0035248690536600017	3170	0.0007487881980948939	0.003856944582712362	0.003856944582712362	0.003856944582712362	5.0501384767822906	5.033432540347571
-0.000195138695145064	3739	0.0008592718179437593	-0.000855739561534296	0.0010944834291981892	-0.000855739561534296	5.060623004660779	5.07264822662208
0.00047684438159171084	1076	0.00011905716921453729	0.0004841169556964982	0.0004841169556964982	0.0004841169556964982	5.1104322300297245	5.11186391289659
0.00024472487114188425	11457	0.0008408641294801452	1.4609933130457772e-05	0.0013571609140878532	-0.0006318641723574675	5.146203024403483	5.1510795991711
-0.0016913130585659078	1662	4.336808689942018e-19	-0.0016913130585659074	-0.0016913130585659074	-0.0016913130585659074	5.192417529259855	5.190295285445609
0.0007307361924473602	2633	0.0	0.0007307361924473602	0.0007307361924473602	0.0007307361924473602	5.243193107109311	5.229510971720119
0.0012890346110698975	318	2.168404344971009e-19	0.0012890346110698977	0.0012890346110698977	0.0012890346110698977	5.2610931542236266	5.268726657994629
nan	0	nan	nan	nan	nan	nan	5.307942344269139
-0.0001892489605627352	4031	0.0007024571149757211	-0.000381539244973074	-0.000381539244973074	-0.000381539244973074	5.3557862050343905	5.347158030543649
-0.0030584873575527504	1140	8.673617379884035e-19	-0.0030584873575527512	-0.0030584873575527512	-0.0030584873575527512	5.3831075273984474	5.3863737168181585
nan	0	nan	nan	nan	nan	nan	5.425589403092668
nan	0	nan	nan	nan	nan	nan	5.464805089367179
nan	0	nan	nan	nan	nan	nan	5.504020775641688
nan	0	nan	nan	nan	nan	nan	5.543236461916198
nan	0	nan	nan	nan	nan	nan	5.582452148190708
