X Mean	Count	Y Mean	Y Std	X Center	Y Median	Y Upper Quartile	Y Lower Quartile
nan	0	nan	nan	3.6216678344652173	nan	nan	nan
nan	0	nan	nan	3.660883520739727	nan	nan	nan
nan	0	nan	nan	3.700099207014237	nan	nan	nan
nan	0	nan	nan	3.7393148932887468	nan	nan	nan
nan	0	nan	nan	3.778530579563257	nan	nan	nan
nan	0	nan	nan	3.8177462658377666	nan	nan	nan
nan	0	nan	nan	3.856961952112276	nan	nan	nan
nan	0	nan	nan	3.896177638386786	nan	nan	nan
nan	0	nan	nan	3.9353933246612955	nan	nan	nan
nan	0	nan	nan	3.9746090109358057	nan	nan	nan
nan	0	nan	nan	4.013824697210316	nan	nan	nan
nan	0	nan	nan	4.053040383484825	nan	nan	nan
nan	0	nan	nan	4.092256069759335	nan	nan	nan
nan	0	nan	nan	4.131471756033845	nan	nan	nan
nan	0	nan	nan	4.170687442308354	nan	nan	nan
nan	0	nan	nan	4.209903128582864	nan	nan	nan
nan	0	nan	nan	4.249118814857374	nan	nan	nan
nan	0	nan	nan	4.288334501131884	nan	nan	nan
nan	0	nan	nan	4.327550187406394	nan	nan	nan
nan	0	nan	nan	4.366765873680904	nan	nan	nan
nan	0	nan	nan	4.405981559955413	nan	nan	nan
nan	0	nan	nan	4.445197246229924	nan	nan	nan
nan	0	nan	nan	4.4844129325044335	nan	nan	nan
nan	0	nan	nan	4.523628618778943	nan	nan	nan
nan	0	nan	nan	4.562844305053453	nan	nan	nan
nan	0	nan	nan	4.6020599913279625	nan	nan	nan
nan	0	nan	nan	4.641275677602472	nan	nan	nan
4.6851517034606145	2	9458.043728033204	0.0	4.680491363876982	9458.043728033204	9458.043728033204	9458.043728033204
4.731773665615037	95	9635.32650418112	439.31555887526025	4.7197070501514915	9711.278743240313	9846.03139188909	9196.130441700954
4.764650063311568	1050	9406.29409241299	485.640743605352	4.758922736426001	9356.807563936072	9787.220097416139	9192.115754378523
4.800015786372148	2807	9443.893604833793	442.7010525315693	4.798138422700512	9435.267728497456	9718.930918765314	9220.560239476794
4.8385491027228325	3767	9532.69793850725	434.371631320506	4.837354108975021	9556.636478413211	9839.82676344298	9249.525351875212
4.879308453648556	4041	9598.652366567107	398.03109979786257	4.876569795249531	9608.013409614341	9833.264813976351	9334.99599324571
4.915739503117894	5658	9663.89168822676	407.5802527415702	4.915785481524041	9662.137052844178	9910.717077856523	9404.3633283366
4.952871935885845	5386	9706.154627720025	417.7634048867565	4.955001167798551	9708.496607070743	9992.95722727642	9430.045133377418
4.9953111383150315	4360	9839.15677904119	473.04071417025307	4.994216854073061	9833.790111457165	10118.042114431295	9504.402203901702
5.032963062132967	5961	9829.978773058658	485.5495316011615	5.033432540347571	9865.741599311139	10131.952325400922	9572.33566144302
5.071119142593124	4786	9913.26484581451	599.1631989578707	5.07264822662208	9910.200784119566	10337.486268005765	9504.591417032163
5.110833503377944	3430	10224.66930773968	457.3458254652459	5.11186391289659	10241.624870324371	10449.412098756859	9910.28058306078
5.151086004669048	2581	10270.31401293624	444.7169111661969	5.1510795991711	10261.852696015692	10616.979198755467	9939.404419527144
5.191106272290105	1983	10425.310640232457	465.41938060822076	5.190295285445609	10353.25292654333	10740.588088897743	10140.879832914314
5.227222142488546	2598	10631.059815511513	514.5622159753335	5.229510971720119	10595.287093254108	10928.777102771352	10263.697718537922
5.26836614424151	2098	10591.122474868069	492.7413121845549	5.268726657994629	10528.098477012782	10777.052269021851	10262.241851714432
5.307305790717667	2110	10734.665786645168	509.2869907713606	5.307942344269139	10717.283665582849	11053.90334104154	10368.969522564035
5.348409257153131	1711	11010.08026659799	560.0574592111624	5.347158030543649	11008.423721379628	11394.306423576325	10571.615684653998
5.3838610548144725	1574	11148.611299562872	697.3146551880677	5.3863737168181585	11219.152132189349	11672.898780819849	10562.322079297552
5.4216769762307475	858	11383.085862091431	592.4889122046251	5.425589403092668	11304.14783471941	11796.483880865242	10910.328859061103
5.457942713403327	161	11159.826538872674	350.4290605517027	5.464805089367179	11164.123995225847	11554.164840068737	10852.053236364849
5.495508324043425	48	11443.47545103055	462.62963698893753	5.504020775641688	11388.56903202691	12035.533155196486	10906.324165868255
nan	0	nan	nan	5.543236461916198	nan	nan	nan
nan	0	nan	nan	5.582452148190708	nan	nan	nan
