Count	Y Upper Quartile	X Mean	Y Std	Y Mean	X Center	Y Lower Quartile	Y Median
0	nan	nan	nan	nan	2.0294117647058822	nan	nan
0	nan	nan	nan	nan	2.0882352941176467	nan	nan
0	nan	nan	nan	nan	2.1470588235294117	nan	nan
0	nan	nan	nan	nan	2.2058823529411766	nan	nan
0	nan	nan	nan	nan	2.264705882352941	nan	nan
0	nan	nan	nan	nan	2.3235294117647056	nan	nan
0	nan	nan	nan	nan	2.3823529411764706	nan	nan
0	nan	nan	nan	nan	2.4411764705882355	nan	nan
0	nan	nan	nan	nan	2.5	nan	nan
0	nan	nan	nan	nan	2.5588235294117645	nan	nan
0	nan	nan	nan	nan	2.6176470588235294	nan	nan
0	nan	nan	nan	nan	2.6764705882352944	nan	nan
0	nan	nan	nan	nan	2.735294117647059	nan	nan
0	nan	nan	nan	nan	2.7941176470588234	nan	nan
0	nan	nan	nan	nan	2.852941176470588	nan	nan
0	nan	nan	nan	nan	2.9117647058823533	nan	nan
0	nan	nan	nan	nan	2.9705882352941178	nan	nan
0	nan	nan	nan	nan	3.0294117647058822	nan	nan
0	nan	nan	nan	nan	3.0882352941176467	nan	nan
0	nan	nan	nan	nan	3.147058823529412	nan	nan
0	nan	nan	nan	nan	3.2058823529411766	nan	nan
0	nan	nan	nan	nan	3.264705882352941	nan	nan
0	nan	nan	nan	nan	3.3235294117647056	nan	nan
170	8177.39636857226	3.3685174154991264	0.0	8177.39636857226	3.3823529411764706	8177.39636857226	8177.39636857226
0	nan	nan	nan	nan	3.4411764705882355	nan	nan
8287	8178.977561338667	3.5285631239064914	2.7284841053187847e-12	8178.97756133867	3.5	8178.977561338667	8178.977561338667
0	nan	nan	nan	nan	3.5588235294117645	nan	nan
521	8264.725040126048	3.6137620185919417	0.0	8264.725040126048	3.617647058823529	8264.725040126048	8264.725040126048
0	nan	nan	nan	nan	3.6764705882352944	nan	nan
0	nan	nan	nan	nan	3.735294117647059	nan	nan
285	8473.75613719431	3.819947264856487	1.8189894035458565e-12	8473.756137194312	3.7941176470588234	8473.75613719431	8473.75613719431
47585	8587.04581171822	3.8541479714772127	32.91070836407557	8573.014642605767	3.852941176470588	8587.04581171822	8587.04581171822
0	nan	nan	nan	nan	3.9117647058823533	nan	nan
0	nan	nan	nan	nan	3.9705882352941178	nan	nan
0	nan	nan	nan	nan	4.029411764705882	nan	nan
0	nan	nan	nan	nan	4.088235294117647	nan	nan
0	nan	nan	nan	nan	4.147058823529411	nan	nan
0	nan	nan	nan	nan	4.205882352941176	nan	nan
0	nan	nan	nan	nan	4.264705882352941	nan	nan
0	nan	nan	nan	nan	4.3235294117647065	nan	nan
0	nan	nan	nan	nan	4.382352941176471	nan	nan
0	nan	nan	nan	nan	4.4411764705882355	nan	nan
0	nan	nan	nan	nan	4.5	nan	nan
0	nan	nan	nan	nan	4.5588235294117645	nan	nan
0	nan	nan	nan	nan	4.617647058823529	nan	nan
0	nan	nan	nan	nan	4.6764705882352935	nan	nan
0	nan	nan	nan	nan	4.735294117647059	nan	nan
0	nan	nan	nan	nan	4.794117647058823	nan	nan
0	nan	nan	nan	nan	4.852941176470589	nan	nan
0	nan	nan	nan	nan	4.911764705882353	nan	nan
0	nan	nan	nan	nan	4.970588235294118	nan	nan
