Y Mean	X Center	Y Std	X Mean	Y Upper Quartile	Count	Y Lower Quartile	Y Median
2.870846326672618	3.6216678344652173	0.2345528219162277	3.6229878217323757	3.0172991171495775	1044	2.728690865923749	2.8912225390497714
2.876860720658032	3.660883520739727	0.24314765148216408	3.6624021528670263	3.0377362989703	1272	2.7208117298364987	2.887365115424692
2.891337245303955	3.700099207014237	0.20170892867503779	3.7010153203481515	3.021030182486192	1668	2.7637547288702065	2.8982394445532433
2.8969711166291594	3.7393148932887468	0.22435696341541528	3.7405788030570113	3.0314765820311314	2500	2.768945545335027	2.8955368284993543
2.8762262345891774	3.778530579563257	0.22891986388904853	3.779027619635164	3.028653075905281	3112	2.7490670698558666	2.8925088075135985
2.8755876735321104	3.8177462658377666	0.21999205305930683	3.8185488274060804	3.0202430571019443	4008	2.7355818347512293	2.8908899905120276
2.8805000153949276	3.856961952112276	0.2131080922038093	3.8573220388083165	3.010945445740923	5044	2.7581565277820577	2.892620280908438
2.8672993852239896	3.896177638386786	0.2067346321067885	3.896893339993774	2.9963496649484522	6544	2.7434063934025192	2.869351864851295
2.8756172028143836	3.9353933246612955	0.20553029711597393	3.9363584711815696	3.011715107894459	7836	2.7534847145946246	2.885276704536633
2.868743368625975	3.9746090109358057	0.20364132930112477	3.9751383523861796	3.000006758760703	9224	2.7510000478628784	2.8802709382471905
2.8683457899331506	4.013824697210316	0.1963095400211887	4.014026419279583	2.9999231484045863	11536	2.749557156294026	2.8795265430346717
2.857117389675272	4.053040383484825	0.19672616861347597	4.053691071190806	2.9890974030209314	13744	2.7376829539136707	2.8658050192376
2.8438631136798027	4.092256069759335	0.1909893647499509	4.093188119484155	2.9772405080315485	17428	2.724301536184373	2.8536246507876317
2.828279856050217	4.131471756033845	0.18397145753615615	4.132490038232208	2.9545543449282015	24476	2.7116943869547505	2.8337565449167244
2.814556060123857	4.170687442308354	0.17330363795044987	4.171964443840965	2.932154268684215	33640	2.7038919590885033	2.8146450385872885
2.811874605433213	4.209903128582864	0.16134353120974834	4.210811306787374	2.919076903881166	49280	2.708116657688111	2.8069789732472734
2.8170807077402613	4.249118814857374	0.1515379487226817	4.250047082268469	2.918345868837598	66180	2.718459495643824	2.8099246588520774
2.8288690965690577	4.288334501131884	0.14576736952763636	4.288939189898508	2.9235042388525216	84880	2.7342464477313215	2.8210218753974092
2.847024337500911	4.327550187406394	0.13895845301121962	4.3280179643043395	2.9377383099866914	98596	2.754873867775764	2.839357053041004
2.8723746376179013	4.366765873680904	0.13423417624136894	4.366828302994426	2.961558769012031	104956	2.780360792960564	2.867239193162432
2.902994304882971	4.405981559955413	0.12955017819023207	4.406027026878708	2.9886142666394067	107700	2.8160469273172817	2.900822907548485
2.934943705983691	4.445197246229924	0.12704349115913294	4.445307706886788	3.0180887417505677	109672	2.8505459799731425	2.9339593468564855
2.9708010791861903	4.4844129325044335	0.12621986523268267	4.484432574959853	3.0529654251332152	108584	2.8883733100398628	2.970563802218157
3.0069549362546977	4.523628618778943	0.12171920216668744	4.523590783554834	3.0855705070171506	105268	2.9293862929878305	3.0078114597550125
3.038415706572502	4.562844305053453	0.11703273940911658	4.562664717981229	3.111544927348428	102416	2.965120182469269	3.0373259553425958
3.0707175941494893	4.6020599913279625	0.11613441674149891	4.601939419638209	3.1421926772991355	96480	2.9970294925686636	3.066813588494621
3.0990683534381023	4.641275677602472	0.11318238750813812	4.640748299552734	3.1697034885744118	88784	3.0279098887726223	3.095577767592796
3.1312196307811875	4.680491363876982	0.11203359487815459	4.679795139812564	3.203491287828249	73736	3.0592828855510716	3.1281174483946157
3.1707764021093303	4.7197070501514915	0.10647922882740435	4.71919345544034	3.241543618487065	61944	3.099235006538576	3.16708446648597
3.205405931240632	4.758922736426001	0.10443111225373924	4.758977964577468	3.273084081970871	61108	3.134409843180475	3.201659816653001
3.2303021196240804	4.798138422700512	0.10818102571217962	4.79852908102784	3.29328372276185	67904	3.1595415973974736	3.226211890528509
3.2550842684991865	4.837354108975021	0.10838869539922104	4.837222613850481	3.3172368580283935	67548	3.184763381543336	3.2491676140580514
3.2836089224627623	4.876569795249531	0.11316199326530825	4.877054924039658	3.348382697914851	69408	3.212722072340812	3.27718156888906
3.315431307739609	4.915785481524041	0.11792851093744815	4.915880035595497	3.38130167423631	76068	3.2426194274497613	3.310016991103713
3.3426628495397956	4.955001167798551	0.1268802697704441	4.954718892560819	3.4137994877877538	75416	3.2647733642947467	3.338354198860232
3.3573257228448474	4.994216854073061	0.13977288210242206	4.994261856965462	3.43894435364999	69944	3.268416096378884	3.3530945489341972
3.3780961360896185	5.033432540347571	0.1439981000494143	5.0337373392885105	3.4623861252635457	76544	3.284519292934819	3.3715786045314307
3.3959332658461903	5.07264822662208	0.1486262481146715	5.072226529978863	3.4851299498901493	75172	3.2947336608205435	3.385880817590198
3.4299244470564143	5.11186391289659	0.148726137022883	5.111428310337725	3.5205447403485546	66348	3.328250187997733	3.4237877688054277
3.457140661436602	5.1510795991711	0.14955485578514838	5.150995808464348	3.5523623087321745	61752	3.3475536487190407	3.4547311205063274
3.4866032303219168	5.190295285445609	0.1515237676673282	5.189580930643306	3.577929616480946	55252	3.3775123003453813	3.4819888632256304
3.519878114239261	5.229510971720119	0.15656001460182606	5.228990038535051	3.60485937821682	45400	3.4104015865232578	3.5054769816909
3.5714316379629913	5.268726657994629	0.16033265329890425	5.267684441056139	3.655867870550398	36308	3.466229787002715	3.5558801760090533
3.640634911615246	5.307942344269139	0.17409879576186654	5.306401167263254	3.739784292332721	24408	3.527718305204033	3.622443571106989
3.7193203040533156	5.347158030543649	0.17454615793132236	5.346614541033561	3.8200613005378745	17320	3.5974383087585577	3.6970695375305955
3.7762368363831493	5.3863737168181585	0.16382511695801721	5.385729752517155	3.882249554581052	14376	3.6604551746544742	3.7641597833158493
3.807280130048129	5.425589403092668	0.16639867932977628	5.4243525249954265	3.906244774659405	10416	3.6925145013952876	3.796807516748907
3.8425912118761505	5.464805089367179	0.15691024256592023	5.4631508835579226	3.937369777618774	5520	3.7396658046635576	3.8377141047164374
3.8534251657230496	5.504020775641688	0.16067371150797952	5.500599917939289	3.95300028275778	2668	3.7701219230733725	3.857195255103226
3.847532474916665	5.543236461916198	0.18395047927070585	5.539337088244607	3.9627133287862657	680	3.76352546419053	3.869789584270764
3.7936621420438534	5.582452148190708	0.21848343912976612	5.580265326805777	3.9510099783859145	320	3.6583902794932124	3.8193505879756176
