Y Lower Quartile	Y Upper Quartile	Y Std	X Mean	Y Mean	Y Median	X Center	Count
nan	nan	nan	nan	nan	nan	3.6216678344652173	0
nan	nan	nan	nan	nan	nan	3.660883520739727	0
nan	nan	nan	nan	nan	nan	3.700099207014237	0
nan	nan	nan	nan	nan	nan	3.7393148932887468	0
nan	nan	nan	nan	nan	nan	3.778530579563257	0
-0.003915323957941917	0.0019410158649742144	0.0029281699114580653	3.8211569651881234	-0.0009871540464838516	-0.0009871540464838511	3.8177462658377666	32768
nan	nan	nan	nan	nan	nan	3.856961952112276	0
nan	nan	nan	nan	nan	nan	3.896177638386786	0
-0.002193881524382924	-0.002193881524382924	0.0	3.940063028580054	-0.002193881524382924	-0.002193881524382924	3.9353933246612955	16384
-0.00014807996559168687	-0.00014807996559168687	0.0	3.961194621608136	-0.00014807996559168687	-0.00014807996559168687	3.9746090109358057	16384
-0.0006621110303965532	-0.0006621110303965532	0.0	4.0194730822195845	-0.0006621110303965532	-0.0006621110303965532	4.013824697210316	16384
0.00022962556882079514	0.00022962556882079514	8.131516293641283e-20	4.058911117558337	0.00022962556882079506	0.00022962556882079514	4.053040383484825	16384
-0.002427479195566973	0.0011394004465166388	0.002289154108584568	4.100632106003504	-0.0007446283088392543	-0.0005434504402110803	4.092256069759335	65536
-0.0007032114681471151	-0.0007032114681471151	1.0842021724855044e-19	4.144941813915919	-0.0007032114681471152	-0.0007032114681471151	4.131471756033845	16384
-0.0009406418089019338	-0.0009406418089019338	1.0842021724855044e-19	4.169717256521763	-0.0009406418089019339	-0.0009406418089019338	4.170687442308354	16384
-0.001333768406378354	0.0009875019415388141	0.0012119565906483767	4.213184161978153	4.96152171947861e-05	0.0006625701108120371	4.209903128582864	81920
-0.0008865704718783423	6.84955299313547e-05	0.0014056601372624807	4.252180833856487	-0.0006424389377789427	-0.00029606308829266403	4.249118814857374	131072
-0.00016681880231050213	0.0007752887462024798	0.0008129927176092239	4.2899917140502195	0.00016817306240567427	-9.073825885471331e-05	4.288334501131884	81920
-0.0003273649751517941	0.0005748317596068114	0.0007959661277625597	4.331807899491734	-1.7414842280514967e-05	0.00017030586196396997	4.327550187406394	147456
-0.0007369158683139749	-0.00047080318030401754	0.00043160385848433236	4.364015376405545	-0.0007027259046745538	-0.000488664509416193	4.366765873680904	81920
-0.0003958970972664064	0.000825283804647882	0.000776215998129401	4.395843268341836	8.868715207028199e-05	0.00019659260495941017	4.405981559955413	131072
-0.0007180255933097751	0.00023164991145523133	0.0006683641854514246	4.449003373631631	-0.00022984121396694426	3.2766523794911596e-05	4.445197246229924	131072
-0.0002829679496314515	0.0004955331502363578	0.0004918661606451948	4.48137388758727	7.625115821487752e-05	-6.202123551937602e-05	4.4844129325044335	147456
-0.0010468767178504167	0.0010713937853834145	0.0012935623849013	4.523438281276634	6.705142731088944e-05	0.0004617980021834556	4.523628618778943	114688
-0.0006227923912471705	0.0007522580932395417	0.0008185464298110887	4.564996004975058	8.868487825323798e-05	-0.00027811804139533155	4.562844305053453	98304
-0.0007571179755143754	0.00026239620206506956	0.0005714511188408637	4.598078577089781	-0.00024442484682379113	-0.00015328822300378188	4.6020599913279625	163840
-0.00106665618630558	0.00013973999500557888	0.0004925564387558882	4.638621560685146	-0.0004586334551007672	-0.00044898417400230056	4.641275677602472	49152
-0.0003770500040025628	0.0005996952744622529	0.0004883726392324078	4.685085684979635	0.00011132263522984507	0.00011132263522984503	4.680491363876982	32768
-0.00016266288468000826	0.00035670136848775085	0.00038258042044434285	4.717631234962771	0.00013819214542523637	9.16725774897374e-05	4.7197070501514915	98304
0.0003398451914087267	0.0005976731329013654	0.0006977401775151901	4.762544221211215	0.0007058612909565782	0.00043567396227414657	4.758922736426001	98304
-0.0006023611852649919	0.0005190962414381334	0.0008359170869836006	4.792974739208132	1.3171109601781616e-05	-0.00039973143210760443	4.798138422700512	114688
-0.000992965166120806	0.0006207184133636738	0.0010734535618957867	4.826514478773372	-0.0002999551077918008	-7.22916449653314e-05	4.837354108975021	65536
-0.0003388724887345273	0.0005270177173604016	0.0006363137824074	4.8750855465084335	6.891284021315932e-05	0.00011923238841271508	4.876569795249531	65536
-0.00011731075184918057	0.00036360440487939044	0.00028538386488501387	4.911682143804217	0.0001308942030230439	0.0001153994500071661	4.915785481524041	65536
-0.00010098920965969646	0.0005063953256472264	0.0006571062932279115	4.9528598192542965	7.350365089166773e-05	0.0003319024650958622	4.955001167798551	65536
nan	nan	nan	nan	nan	nan	4.994216854073061	0
-0.0007057053608119626	0.0003308791773512394	0.0005443595317599568	5.028390628154391	-9.605270253808181e-05	9.41483380407643e-05	5.033432540347571	180224
-2.8762773070407958e-05	0.0004574542983712844	0.00022453686769028158	5.073463685163744	0.00028856042267550906	0.0004369897427256509	5.07264822662208	49152
-0.00011769977448675167	0.0005637397980505489	0.0004674884805944997	5.121257703714826	0.0001470396959483418	0.0002566777010592593	5.11186391289659	98304
-0.00030087628032444356	8.762259212821463e-05	0.0005975402749434178	5.155422779301757	3.192060710257151e-06	-0.0001718946013386652	5.1510795991711	81920
-0.0005003825868901308	0.0004312059800322147	0.0007494833431816087	5.200711143227824	-4.663353678170055e-05	-2.2543070076215695e-05	5.190295285445609	65536
-0.00012899125370501794	0.00034352588176747936	0.0002362585677362487	5.225740832183425	0.0001072673140312307	0.00010726731403123071	5.229510971720119	32768
-0.0004299334274366956	-0.0004299334274366956	1.6263032587282567e-19	5.280955244451008	-0.00042993342743669576	-0.0004299334274366956	5.268726657994629	16384
-0.0006041653375494451	-9.495048277318635e-05	0.0002546074273881294	5.30560544365908	-0.00034955791016131574	-0.00034955791016131574	5.307942344269139	32768
nan	nan	nan	nan	nan	nan	5.347158030543649	0
0.00042694196388603454	0.002185573615583758	0.0008793158258488619	5.400277421815319	0.001306257789734896	0.0013062577897348963	5.3863737168181585	32768
nan	nan	nan	nan	nan	nan	5.425589403092668	0
nan	nan	nan	nan	nan	nan	5.464805089367179	0
nan	nan	nan	nan	nan	nan	5.504020775641688	0
nan	nan	nan	nan	nan	nan	5.543236461916198	0
nan	nan	nan	nan	nan	nan	5.582452148190708	0
