Y Median	Y Upper Quartile	Y Lower Quartile	Count	X Mean	Y Std	X Center	Y Mean
nan	nan	nan	0	nan	nan	2.0294117647058822	nan
nan	nan	nan	0	nan	nan	2.0882352941176467	nan
nan	nan	nan	0	nan	nan	2.1470588235294117	nan
nan	nan	nan	0	nan	nan	2.2058823529411766	nan
nan	nan	nan	0	nan	nan	2.264705882352941	nan
nan	nan	nan	0	nan	nan	2.3235294117647056	nan
nan	nan	nan	0	nan	nan	2.3823529411764706	nan
nan	nan	nan	0	nan	nan	2.4411764705882355	nan
nan	nan	nan	0	nan	nan	2.5	nan
2.9613295085571893	3.3594550857655707	2.77565479557666	5120	2.5681381574692286	0.37514707826222493	2.5588235294117645	3.022147300562839
2.9867512594601777	3.1503457378385633	2.4839233051510687	19456	2.618119805424903	0.29857850438453726	2.6176470588235294	2.8796867536972264
3.0102681413766885	3.201377751902675	2.714942945718719	22528	2.6894496121410936	0.24845007484880316	2.6764705882352944	2.9985553118840342
3.0166008419808312	3.1904657971973887	2.7901638675330074	116736	2.73819578340334	0.31511044108405784	2.735294117647059	2.946705315122652
3.0722079640643476	3.2028642790531734	2.926115922692097	175104	2.7907925518097616	0.2571747495658298	2.7941176470588234	3.037357679049893
3.1396907239825262	3.262426689273461	2.953550577670766	182272	2.8539524427706926	0.31840173110288106	2.852941176470588	3.136551217713355
3.200971483692952	3.3730998841349664	3.0316410564339966	196608	2.9118672702035706	0.31153773786730077	2.9117647058823533	3.2181127364069435
3.1999435844787176	3.3346233813118107	3.0613378850232538	218112	2.9708656646108316	0.27113348517983227	2.9705882352941178	3.198379769847312
3.2614500956366594	3.3557176734197323	3.1189991948624574	209920	3.028604751100214	0.1762392077555804	3.0294117647058822	3.2408824728498624
3.326863261442173	3.4343143331190973	3.21740474455149	174080	3.0853602050032136	0.1764543482558959	3.0882352941176467	3.3213354847015077
3.3730242248118203	3.460006506200684	3.293489981481211	169984	3.145486717089251	0.16702574473036483	3.147058823529412	3.3595034214830424
3.4461771252136395	3.5215430922433084	3.376070083302895	163840	3.2072112086206688	0.11914828953792952	3.2058823529411766	3.4496654743875625
3.4882219054768058	3.572205608628315	3.4222312723229145	161792	3.265736494571577	0.11043853960094266	3.264705882352941	3.501155927898834
3.5707304608855472	3.63580349552479	3.4983238741457336	189440	3.323829944230876	0.11091628066898146	3.3235294117647056	3.5704005676402315
3.5959819556811765	3.6611169099541607	3.5369466076419442	104448	3.3834833827432442	0.09504342353283146	3.3823529411764706	3.60085165647768
3.6379222611591873	3.700737385901197	3.5745213274791783	93184	3.4397848492351097	0.10431865605300193	3.4411764705882355	3.6509782853223163
3.7142746309096686	3.7733674096436656	3.667764356669365	109568	3.4959846983767684	0.08505451153486288	3.5	3.7258923224895923
3.770329540822026	3.8181892390158314	3.7222826853013307	56320	3.555115468314932	0.08043067791816158	3.5588235294117645	3.7667547045220173
3.845813259647863	3.9080597742119343	3.799090482889351	41984	3.617737080908191	0.07786912741206463	3.617647058823529	3.8451710982619973
3.89189574757672	3.9303561672588403	3.840666655599085	20480	3.6714324404773793	0.06611951551275996	3.6764705882352944	3.8814426621940443
3.9343035027333544	3.9871799015933544	3.8949345353769367	22528	3.729725734383777	0.06860003582667829	3.735294117647059	3.932631983448785
3.9560173881276817	3.984939954666426	3.9280758228460924	19456	3.7909558915067016	0.052355978402609436	3.7941176470588234	3.967550487070073
4.027924340735513	4.08268352860464	4.017569067928486	11264	3.8526555128870497	0.03467908139389938	3.852941176470588	4.043311518914899
4.05719667997681	4.105342082274261	4.04791325504025	9216	3.905412328566939	0.03492249778669015	3.9117647058823533	4.07206264926226
4.141281114910215	4.200761342804272	4.105890825593945	5120	3.9729441012360724	0.051691417889873095	3.9705882352941178	4.150289758858597
4.17633085853948	4.185300059687723	4.167361657391237	2048	4.023139307492877	0.008969201148242956	4.029411764705882	4.17633085853948
nan	nan	nan	0	nan	nan	4.088235294117647	nan
nan	nan	nan	0	nan	nan	4.147058823529411	nan
nan	nan	nan	0	nan	nan	4.205882352941176	nan
nan	nan	nan	0	nan	nan	4.264705882352941	nan
nan	nan	nan	0	nan	nan	4.3235294117647065	nan
nan	nan	nan	0	nan	nan	4.382352941176471	nan
nan	nan	nan	0	nan	nan	4.4411764705882355	nan
nan	nan	nan	0	nan	nan	4.5	nan
nan	nan	nan	0	nan	nan	4.5588235294117645	nan
nan	nan	nan	0	nan	nan	4.617647058823529	nan
nan	nan	nan	0	nan	nan	4.6764705882352935	nan
nan	nan	nan	0	nan	nan	4.735294117647059	nan
nan	nan	nan	0	nan	nan	4.794117647058823	nan
nan	nan	nan	0	nan	nan	4.852941176470589	nan
nan	nan	nan	0	nan	nan	4.911764705882353	nan
nan	nan	nan	0	nan	nan	4.970588235294118	nan
