X Center	Y Lower Quartile	Y Mean	Y Median	Y Upper Quartile	Y Std	X Mean	Count
3.6216678344652173	-0.7501037307030598	-0.21487361151593898	-0.33481888510345925	0.3385361510137547	0.7706362471017619	3.623463420721944	256
3.660883520739727	-0.6475640354556544	-0.08849253371754742	-0.14608549676684385	0.42304605700633546	0.7441177088986619	3.6602825197287983	332
3.700099207014237	-0.7184250106008729	-0.14576683449893013	-0.2279281825361532	0.47956129030106887	0.7557456300938283	3.7003215471656965	472
3.7393148932887468	-0.8055514334238514	-0.16943412223337218	-0.14251725147908353	0.38050058072068094	0.8181728495891563	3.7406074282367716	564
3.778530579563257	-0.7546415534951428	-0.079100352391871	0.024914473958763027	0.4758719444003166	0.8152223690421063	3.77879134700612	864
3.8177462658377666	-0.7091739408940123	-0.15011944787678902	-0.2133396657399949	0.4280591413843693	0.7484554289350953	3.8188149932588558	936
3.856961952112276	-0.7235223942289153	-0.10689847010754627	-0.1419576037504049	0.45913676190799624	0.7733610884991827	3.856948816805247	1332
3.896177638386786	-0.6893903473624863	-0.10489442927453577	-0.15480618734527998	0.44774757746490895	0.776219738409169	3.896885693927501	1496
3.9353933246612955	-0.7245128835874093	-0.125418714571121	-0.17707838316086244	0.45974775671037366	0.7693130621977418	3.936282263911165	1928
3.9746090109358057	-0.6410244899479589	-0.016103935008827137	-0.04861835623154386	0.6242669201680029	0.7850764100941068	3.9754167760121786	2352
4.013824697210316	-0.5759934969739191	-0.017495508611864656	-0.019914098182810053	0.5608689266041386	0.7765384767817906	4.014751059949823	2912
4.053040383484825	-0.686467863404758	-0.09882874322852278	-0.13361587189369611	0.4544192233643294	0.750574893561755	4.052871539851673	3692
4.092256069759335	-0.6117792766260681	-0.01499481438380605	-0.010507914290979218	0.5283754431304146	0.7650964198442843	4.09367309123971	4840
4.131471756033845	-0.6204395003177754	-0.04181567241370184	-0.054833771961348074	0.5429261954971114	0.7601317601102857	4.132254839368403	7140
4.170687442308354	-0.6105732807159461	-0.060846710334638066	-0.060152867331342265	0.4762166829967023	0.7310261675977151	4.171854916687122	10116
4.209903128582864	-0.5885302709531353	-0.03838891560022463	-0.041142818419045685	0.49425474820279325	0.7454348802393631	4.21095592362206	14784
4.249118814857374	-0.5605118194806624	-0.040300756806487606	-0.05013773783586101	0.4659889505505827	0.7228789926307208	4.250225232502451	20576
4.288334501131884	-0.5581700481719873	-0.032703543268540095	-0.031189615024512764	0.49267017523210027	0.7254057263866172	4.289253673474848	26888
4.327550187406394	-0.5432776816367353	-0.022502376533486322	-0.024235586955041962	0.492586389292303	0.7148129282181797	4.328047052678197	32492
4.366765873680904	-0.5377005873761274	-0.027228606003401448	-0.028820756438399767	0.4807841414433339	0.7165837329515081	4.367051051763772	37392
4.405981559955413	-0.5511754548736305	-0.03882851055442404	-0.026661423077390264	0.45411278058040505	0.708750182335522	4.406451768189034	39416
4.445197246229924	-0.5115116598106848	-0.02368085116007449	-0.01984462487972213	0.4540467723618354	0.6979275290551008	4.445364114315632	42340
4.4844129325044335	-0.5080807630457214	-0.026089239079534567	-0.015784562168573494	0.441538237058678	0.6894005456765624	4.484505148807846	42708
4.523628618778943	-0.4838654767476667	-0.021412757071558458	-0.0203808118799882	0.43990250412997567	0.6788456807193497	4.523590306368924	43440
4.562844305053453	-0.4860862962373632	-0.019094825124701776	-0.014256307760561988	0.4349329870327949	0.6822240905241054	4.562951910036802	43568
4.6020599913279625	-0.45513721338479174	-0.012145275268209828	0.0033897225540550956	0.42491961254318955	0.6648773057264448	4.602130771698355	42796
4.641275677602472	-0.446090050427314	-0.025488485526939254	-0.015625520261901605	0.4087985801195656	0.650565375609671	4.641193319391462	41216
4.680491363876982	-0.4366584013596016	-0.017291183608127	-0.001918703751334394	0.39995839757833096	0.6442033841752759	4.680134833699925	36964
4.7197070501514915	-0.43064754076552697	-0.027536273728293627	-0.008894899778212598	0.3709415530232923	0.6331255112555888	4.719522031177852	33404
4.758922736426001	-0.40143725742695446	-0.020111786871352202	-0.000287805023375751	0.36751552300889984	0.6147767962947281	4.759289478262297	35396
4.798138422700512	-0.36068733475925796	-0.013421416388661072	0.0031958248420580595	0.34716800092077943	0.5916909583461942	4.798401629636695	41520
4.837354108975021	-0.3479315596702853	-0.016142743107672403	0.0025530923456571148	0.3310241078086227	0.571401429779721	4.837328011224925	44088
4.876569795249531	-0.3374262882460228	-0.021359623229919866	0.0001989454333888329	0.30622337050604503	0.5553193184142337	4.876891690642595	48888
4.915785481524041	-0.3071317038243366	-0.017132817584719174	-0.002002292084171364	0.2900651633020499	0.5270725213343813	4.916106333821676	55944
4.955001167798551	-0.30004726211151755	-0.027901771035546308	-0.005005223190576398	0.26737259249792356	0.5105840114056781	4.954813186243301	57860
4.994216854073061	-0.28681360655606675	-0.03330640666474327	-0.015935804967388098	0.24614585103556852	0.47714383453989073	4.99450326603174	56808
5.033432540347571	-0.26399082535885565	-0.026733844362213398	-0.006689342809703007	0.23571402923372362	0.4545334701565797	5.0340248336864	64100
5.07264822662208	-0.24045731347013513	-0.02616157000278304	-0.001431654739578279	0.21623381041289666	0.429842122830305	5.072481424107137	65136
5.11186391289659	-0.2254343455999455	-0.025776077190378964	-0.006609752285989135	0.19977099513965113	0.40334346043471336	5.111590386262552	58380
5.1510795991711	-0.20865457639668483	-0.021848721175809292	-0.003610771271757654	0.19153301042541349	0.37641273274733317	5.150982665154634	56288
5.190295285445609	-0.20357064456789287	-0.027912480311475245	-0.010128596743487879	0.17790583957207898	0.3639154236657509	5.189629076814731	50716
5.229510971720119	-0.1943619164979486	-0.025299421936449566	-0.014419942015919202	0.1630782921857012	0.3306673396424909	5.229018508323187	42160
5.268726657994629	-0.18365970168556311	-0.0196479681304048	-0.008754578995290103	0.15919936669299137	0.31947201968165184	5.267703604440586	33312
5.307942344269139	-0.15726319704969904	-0.01126138757639489	-0.007481573361403297	0.15158248850440464	0.2940987476889312	5.306460236717295	22800
5.347158030543649	-0.15615076714308532	-0.016822714130314848	-0.003572559618371757	0.13413223621245818	0.2778712818527529	5.3465990853527	15948
5.3863737168181585	-0.1548731072317841	-0.016382751194661167	-0.011639747713854983	0.12953283374975663	0.26046526245834134	5.385743317330091	13556
5.425589403092668	-0.13911457316452486	-0.005253733286814865	-0.01264401224753704	0.1289874618245585	0.2337539086668606	5.424464030951099	9580
5.464805089367179	-0.132403805276646	0.0015405446287888639	0.0002660880511911123	0.1303475028074767	0.23378573408955988	5.463071792759722	5344
5.504020775641688	-0.1409927075282335	-0.00367297843495	0.0023804641804607294	0.13337395706262042	0.25518062305958916	5.5003826326981455	2512
5.543236461916198	-0.14030917154540393	-0.011980970133617715	-0.019897619344780185	0.11084719736714727	0.2624275276851123	5.538691851243711	612
5.582452148190708	-0.11822052366187227	0.01411775260134921	-0.007371212297923974	0.1851291305558138	0.3195443146218369	5.582363471102884	304
