Count	Y Median	X Center	X Mean	Y Lower Quartile	Y Upper Quartile	Y Std	Y Mean
337	-58.90643611135408	3.6216678344652173	3.62288981004357	-1060.9423990582973	872.2738036050105	1955.34647400399	-48.19203285039017
419	-51.22939319125169	3.660883520739727	3.661343164981342	-922.7168673135852	841.0743931767695	1838.7190918368271	47.110603386855786
523	31.83448552900009	3.700099207014237	3.700609246283403	-818.8600413138724	913.5328648188133	1812.6774298089215	139.41428504988582
614	30.142293375880953	3.7393148932887468	3.7400198945727836	-793.771602082126	998.2082951899827	1753.5620101094576	186.59659673092955
770	29.654486093063795	3.778530579563257	3.7787060267037145	-812.489860900575	1086.6414820438706	1848.252420155532	160.51581381665994
952	-15.118757912321314	3.8177462658377666	3.818372838265731	-797.3516894438674	875.6754815875211	1731.7749906135869	122.79069756141644
1138	36.38328307513423	3.856961952112276	3.857740602287219	-700.3726276989676	985.9917880487106	1738.4433115579584	194.66310421503098
1403	49.102718288869056	3.896177638386786	3.8968225863534203	-686.8850756990596	908.0353340264637	1650.309894375931	188.7647116573784
1723	47.229148024070724	3.9353933246612955	3.935798861380247	-725.5892702424312	877.3021544949361	1691.6975326315128	130.32340195633583
2179	11.884168692214189	3.9746090109358057	3.975405655212741	-707.2455070826836	726.8464000279077	1571.681296253747	82.7139933264787
2823	58.456331625428376	4.013824697210316	4.014462927824719	-606.3735859694216	894.9897252207174	1586.0708843950135	205.72261118749503
3546	38.42407446934959	4.053040383484825	4.053919155007061	-603.4434141965521	752.2943456709199	1516.1246700662427	144.18880812602487
4623	60.671681581919984	4.092256069759335	4.093157402215438	-515.1274583648005	720.158189086877	1430.4297685147108	171.99374650553904
5841	65.29919971955064	4.131471756033845	4.132471588269481	-518.5676836729813	760.2066285043456	1392.756276093516	161.2333745975558
7683	79.22615538099458	4.170687442308354	4.17154425305148	-481.3196289100515	737.8870713229098	1319.259022979729	197.0981352409308
9860	90.56499355558337	4.209903128582864	4.210677564499128	-457.33210128449446	767.5527943927691	1299.5041288347315	194.91940359098552
12237	116.85013477857683	4.249118814857374	4.250041816251429	-401.274595755458	817.2551081853835	1268.480278522202	238.51269200168875
15251	122.99253972536462	4.288334501131884	4.288906501620297	-370.58509261226027	782.8906809007417	1211.7797425421934	244.37770230337898
18147	136.4498065143937	4.327550187406394	4.328059070374198	-338.2781166887835	787.4422623843625	1167.8753020870047	269.2467446464039
20674	154.01086151316622	4.366765873680904	4.367119362776994	-323.9253657566935	805.8815600741061	1154.1623537982812	291.8597997501135
22726	146.3158654358934	4.405981559955413	4.406183841235068	-296.07621961202653	790.8065886769716	1133.2738954411739	301.2502335736868
24119	155.64994717545233	4.445197246229924	4.44520513989987	-280.1938758436704	791.2706043969024	1110.7094215741383	306.7861131660239
24726	146.98915131868233	4.4844129325044335	4.484491432933418	-273.9490118450369	752.5597450728981	1065.4046263686073	301.82967535425513
25409	145.89471007443353	4.523628618778943	4.523488962057471	-263.2308049377225	720.1136159248399	1035.9810970159874	298.8223015275429
25066	132.07623194805046	4.562844305053453	4.562749816067384	-256.0920897379858	681.3931861060073	999.9473648675133	285.1027028448685
24385	139.97920314808107	4.6020599913279625	4.601854002789869	-224.87654361073874	688.6622059686752	974.0623093369228	306.3180893066416
23484	138.10941581557518	4.641275677602472	4.6409325234396865	-215.179807472	644.5229354609887	941.2066141627197	295.913369790019
21765	126.37849552523949	4.680491363876982	4.680213743746733	-215.41654070450568	606.1549499604207	921.2606232573711	284.0869669516785
20268	104.90735062903923	4.7197070501514915	4.7194032381005195	-225.62233771994534	550.5931948027603	893.9621841683208	259.800390859753
20651	77.4296449916501	4.758922736426001	4.758973896613413	-224.89603761207263	481.71522036512124	850.5520299876707	225.17316531074067
22878	67.2082366216423	4.798138422700512	4.798576862068561	-215.21919166678094	442.23257100949996	808.91681371418	212.88722680863438
25425	54.92752336315607	4.837354108975021	4.837677887000164	-213.65942942862603	392.11251883819114	771.8234595913909	180.78781629751097
28403	47.88383922516891	4.876569795249531	4.876927012899417	-204.03413843489625	356.00471632362587	742.8270261726942	167.45881656483684
31850	39.37854874429195	4.915785481524041	4.916144312425823	-201.03804691661276	322.0514761402296	708.9774756208475	141.3830803558842
33905	34.981144187306626	4.955001167798551	4.955146648716731	-196.74489480524062	301.2134068428559	670.5271964308532	129.2070050018039
35731	29.442461213913703	4.994216854073061	4.994402219775964	-191.21193154161972	279.7066906372993	657.0727519638797	111.63939390981413
39550	21.304212518491113	5.033432540347571	5.033783281085903	-185.41152948951958	252.689247859435	629.7457809726976	93.40353715118734
41188	18.31543222165783	5.07264822662208	5.072646748425096	-180.58442656041188	233.0504311647005	601.3376840843981	79.81532517022102
39813	18.152816870169772	5.11186391289659	5.111604898678168	-168.8793972739022	222.96275708396024	591.7327682302044	69.47226345391962
38240	11.263883655406516	5.1510795991711	5.151007347489644	-167.75592574431766	201.86014279645497	548.1848359915085	54.115405849675305
35581	13.788804806081316	5.190295285445609	5.189850264352429	-160.06683883546157	196.99650021394518	541.0792982573519	45.60355001460862
30873	11.339944586247839	5.229510971720119	5.2290514848325715	-155.22265851403063	186.04782120193704	510.0442422122212	38.7158690542677
25087	11.41289143278209	5.268726657994629	5.267864363185434	-150.6383001921772	180.6841984458497	524.2094752908744	32.4609203462604
17767	16.93939247223352	5.307942344269139	5.3067371043880325	-146.38690201500447	176.08975787667896	522.4509840475755	34.599462749313645
13200	8.780575668090933	5.347158030543649	5.346371215848618	-143.99858463208784	171.8075630758126	524.1374026492666	12.196336252643185
10796	8.236044642837442	5.3863737168181585	5.385649603277098	-141.74367301933216	159.0880694551488	501.23919449286245	17.267417355821635
8147	7.715724528843566	5.425589403092668	5.424289215247095	-137.8371175994771	155.72249026963345	526.1731602677374	8.839983875526787
4696	16.874556520623628	5.464805089367179	5.462905925655156	-130.672711738197	164.7431851077813	499.46276688072686	11.101176338154607
2191	33.84573947994795	5.504020775641688	5.501009506430125	-115.45795982829623	175.63070555204013	520.1377427814548	34.32091154410786
670	44.12752395449934	5.543236461916198	5.5383779181915	-110.19573008581983	184.55608393770717	576.9614733249681	53.21036766610825
192	4.851938267842343	5.582452148190708	5.580056051345385	-141.60102446046403	128.03526639184338	554.7191363462954	-63.41739941529108
