Y Mean	Y Median	Y Lower Quartile	Count	X Mean	X Center	Y Upper Quartile	Y Std
nan	nan	nan	0	nan	3.6216678344652173	nan	nan
nan	nan	nan	0	nan	3.660883520739727	nan	nan
nan	nan	nan	0	nan	3.700099207014237	nan	nan
nan	nan	nan	0	nan	3.7393148932887468	nan	nan
nan	nan	nan	0	nan	3.778530579563257	nan	nan
-0.4035149912815541	-0.4035149912815541	-4.88281924705916	32768	3.81976499881969	3.8177462658377666	4.075789264496052	4.479304255777607
nan	nan	nan	0	nan	3.856961952112276	nan	nan
nan	nan	nan	0	nan	3.896177638386786	nan	nan
-15.48929804719046	-15.48929804719046	-15.48929804719046	16384	3.9383201719722725	3.9353933246612955	-15.48929804719046	0.0
11.831551578073231	11.831551578073231	11.831551578073231	16384	3.9608411084544617	3.9746090109358057	11.831551578073231	0.0
12.960388111126122	12.960388111126122	12.960388111126122	16384	4.020754465940699	4.013824697210316	12.960388111126122	0.0
6.7610194600974864	6.7610194600974864	6.7610194600974864	16384	4.057353347098291	4.053040383484825	6.7610194600974864	0.0
7.642776034714416	7.662630131737842	4.957828623659225	65536	4.101135811361197	4.092256069759335	10.347577542793033	4.57374730757891
7.2335055562462	7.2335055562462	7.2335055562462	16384	4.145292121917736	4.131471756033845	7.2335055562462	0.0
-11.330474273053369	-11.330474273053369	-11.330474273053369	16384	4.169289872972124	4.170687442308354	-11.330474273053369	0.0
2.565856885798348	1.6994716227236495	-2.1692250036439873	81920	4.213907242318726	4.209903128582864	4.985301208495002	9.000128654335915
2.0587747731995023	2.2348488052389257	-1.1044615340597375	131072	4.252136340960781	4.249118814857374	5.754601402761409	5.11213015939261
-0.3000030003451684	-2.5030313324505187	-3.5162671679072446	81920	4.290201711677998	4.288334501131884	4.101542748720931	6.071498822111647
0.8416885356411714	1.8205257371282642	-5.001840081934461	147456	4.331627902055084	4.327550187406394	6.241074288735945	8.078856708670482
-0.3316302756427831	-2.464621251026074	-3.9008927450222473	81920	4.363718430387825	4.366765873680904	-2.0445053895200545	5.802650682328513
2.3943797753474882	1.872037209035625	0.3772200933649401	131072	4.396022583239636	4.405981559955413	3.976530845357047	2.815867641949804
-0.9263821300570498	-0.8577228696221937	-3.5277313685789977	131072	4.44898935887625	4.445197246229924	2.3090503706571326	4.242103495360881
-1.65297685099338	1.0341215532025672	-5.637521407516942	147456	4.4815358428479035	4.4844129325044335	1.949537981920912	5.867321242649184
-3.0158841748220118	-2.3314976514457157	-4.665631779531395	114688	4.523457541140513	4.523628618778943	-0.8003206619350749	4.709906407075881
3.246079187661659	4.114312301675454	0.16507427116357576	98304	4.5648691827884855	4.562844305053453	5.973585794171413	3.150456323601678
-1.594296799046515	-1.4314858630077651	-4.591799923052349	163840	4.5981403872855084	4.6020599913279625	0.46485854643287894	3.132555825117105
-4.038201145386362	-1.0707311432215647	-10.71427111113735	49152	4.6381169354603164	4.641275677602472	-0.3296011818001716	4.7303806080575885
-0.27292564503159156	-0.27292564503159156	-6.032394352158008	32768	4.684834705071667	4.680491363876982	5.486543062094825	5.759468707126414
3.3037183115176654	4.003963230899899	-5.0416623395958595	98304	4.717555648853513	4.7197070501514915	12.024818309802868	8.840758291046418
4.296738457877317	5.432143965592331	-2.6461522876343224	114688	4.764813291367308	4.758922736426001	9.99985732379173	6.920986840197771
-3.5700365509777234	-3.806548046789885	-10.996059667122609	98304	4.7955236222072	4.798138422700512	6.814175806603089	13.77464446087297
4.368776300216268	3.2598870892852574	0.5959172442967429	65536	4.8265220330006855	4.837354108975021	7.032746145204783	8.818497579342631
1.4878717495053024	0.5873222436011929	-4.638048627194621	65536	4.87511910901639	4.876569795249531	6.713242620301116	7.3014780427980535
0.03864250503693256	0.9691845079396444	-2.7262984626581783	65536	4.911753183200259	4.915785481524041	3.7341254756347553	5.808771649812632
-6.857237663223486	-7.09825573317903	-9.003436845524675	65536	4.952751871762879	4.955001167798551	-4.952056550877842	3.2077673807604854
nan	nan	nan	0	nan	4.994216854073061	nan	nan
0.6895595041981075	-1.0298499920700124	-10.03868763810351	180224	5.028482563862803	5.033432540347571	1.7791561991562048	14.635948577318233
0.39893768604118424	0.09306338279020565	-6.82640315820754	49152	5.073389744022815	5.07264822662208	7.9301528335408875	6.028220052466762
2.2548200027696716	2.5978649882426907	0.43136291697192064	98304	5.121262918372806	5.11186391289659	6.343362128818626	4.094209621929256
-2.172042079726816	-4.491337159121031	-4.74184250543658	81920	5.15544453592218	5.1510795991711	-4.301912313228968	5.219327937078534
-4.092294723640862	-3.7126186957575555	-7.726145578869364	65536	5.2007515041237005	5.190295285445609	-0.0787678405290535	5.860587982664632
-28.742644159993688	-28.742644159993688	-40.025276830912844	32768	5.2259655997280134	5.229510971720119	-17.46001148907453	11.282632670919158
-13.283920487923751	-13.283920487923751	-13.283920487923751	16384	5.281040641234559	5.268726657994629	-13.283920487923751	0.0
3.1452336600541457	3.1452336600541457	-9.35421446631699	32768	5.305477677835821	5.307942344269139	15.64468178642528	12.499448126371135
nan	nan	nan	0	nan	5.347158030543649	nan	nan
-2.285202977767767	-2.285202977767767	-8.828310161796253	32768	5.4003115077256965	5.3863737168181585	4.257904206260719	6.543107184028485
nan	nan	nan	0	nan	5.425589403092668	nan	nan
nan	nan	nan	0	nan	5.464805089367179	nan	nan
nan	nan	nan	0	nan	5.504020775641688	nan	nan
nan	nan	nan	0	nan	5.543236461916198	nan	nan
nan	nan	nan	0	nan	5.582452148190708	nan	nan
