X Mean	Count	Y Std	Y Mean	Y Upper Quartile	Y Lower Quartile	X Center	Y Median
nan	0	nan	nan	nan	nan	3.6216678344652173	nan
nan	0	nan	nan	nan	nan	3.660883520739727	nan
3.7029239664868605	1280	528.2867635400661	7425.4620423209735	7726.527564155152	7185.990589013547	3.700099207014237	7525.939425109482
3.744396337340976	1024	512.947480365104	7280.996196730541	7563.419576362474	7041.2916605021965	3.7393148932887468	7323.71504013413
3.7835060678947334	3584	534.5743600740695	7559.440620404583	8038.222035239948	7265.513093123952	3.778530579563257	7592.983512108986
3.814364922030363	3072	476.29787854110856	7840.976095666073	8125.034399565017	7581.9956678579865	3.8177462658377666	7992.708114497325
3.8549611927129384	6912	378.89847191897036	7735.555634537039	7957.022492001183	7482.007172315801	3.856961952112276	7655.704420585322
3.899554807235235	7936	362.92611303987985	7710.91628772551	7927.689448037844	7450.183201670754	3.896177638386786	7673.953533680044
3.935199697908663	4864	323.31362802284434	7862.31758286997	8088.646474231951	7537.875072261277	3.9353933246612955	7832.322250472332
3.975643426701758	7168	353.54943468283267	7793.287718771799	7986.095071178086	7617.064331645061	3.9746090109358057	7791.506254046517
4.0174032650145906	12288	272.4007528136802	7827.139347197747	8080.618397908425	7646.400113935713	4.013824697210316	7835.552358563582
4.054400036463866	13824	291.965242641818	7890.932326271444	8107.685030304869	7681.885047345149	4.053040383484825	7898.52070588989
4.091731599366316	13824	229.53331343199088	7921.770194076629	8107.166203638273	7759.716148843631	4.092256069759335	7905.507728983406
4.132704591604115	15360	215.27472952715863	7925.943653894806	8062.3191853301	7790.34553708462	4.131471756033845	7892.946238838226
4.170723092665548	20992	197.52849946008607	7919.411839880841	8018.116157239704	7822.333860538206	4.170687442308354	7903.326236813662
4.211715780630643	48896	196.6370023257169	7936.176825350743	8070.68345783031	7840.505946566609	4.209903128582864	7933.117931733155
4.249999069070526	71680	203.33129369882795	7956.379323013223	8079.274546502367	7819.0710128332485	4.249118814857374	7963.7453537546735
4.288251973863562	83456	192.89504457043478	7946.16535106837	8077.078656325651	7808.182196627377	4.288334501131884	7933.013532184661
4.328333852975654	103424	214.0209290217865	7940.455620772096	8088.518457181293	7812.327315028608	4.327550187406394	7937.422902077972
4.366521421970807	96256	177.62701788215242	7996.61201642904	8131.323639627894	7872.092256091148	4.366765873680904	7990.012838078186
4.406128413341005	109312	170.56095923183233	7992.75806118554	8107.277206288879	7873.173059282189	4.405981559955413	7973.742545921182
4.44480335429907	106752	167.76028491890168	8018.761018052012	8137.60050985958	7900.769457882742	4.445197246229924	8003.181847093646
4.484481627004414	108800	200.08875766641728	8028.680873300493	8152.141381863271	7913.701250932345	4.4844129325044335	8025.880746266525
4.523705206086544	105216	174.9038949476994	8069.9739280517715	8181.428638191959	7941.57571535797	4.523628618778943	8063.258753964471
4.562671329666605	103680	153.29390839738235	8085.407487366465	8199.490071604014	7981.4409076249185	4.562844305053453	8084.392249147742
4.602498135021654	98816	133.56166344749812	8122.504826760622	8222.626326437197	8028.8117545728865	4.6020599913279625	8118.860491623862
4.640953005561809	93184	151.4774492262253	8151.3697368410585	8261.290021246145	8052.750268327122	4.641275677602472	8160.665427240025
4.679092794980982	74240	140.19561403043986	8154.709085818592	8258.199862720296	8061.244636903276	4.680491363876982	8157.990185969763
4.720549816389459	62208	132.48485581878657	8200.458146489787	8286.5167315691	8114.07660259331	4.7197070501514915	8207.32985379086
4.759920691662371	58880	113.4986773044645	8216.882014345898	8292.917679743647	8132.804825594593	4.758922736426001	8207.274257274483
4.801005873186426	70144	115.2677935836155	8216.614851882132	8282.64571147174	8145.430329623862	4.798138422700512	8215.063979745388
4.836890751677895	63232	100.9498857692011	8248.29378350592	8303.375375365016	8180.229909722401	4.837354108975021	8240.584935925317
4.8772490252756615	68864	93.74899709356671	8270.141054300942	8330.614116893967	8220.969117934455	4.876569795249531	8273.378204820498
4.915520102376935	77056	122.63612014303952	8306.654770078017	8374.743696286856	8245.998244973089	4.915785481524041	8309.907557235674
4.954865931858302	78848	135.17237639490332	8310.21034021381	8402.571503171956	8232.758469540611	4.955001167798551	8324.608539114062
4.9940463083853235	63744	162.55911419911232	8294.444443812512	8404.486430242396	8188.645010015736	4.994216854073061	8320.530736382801
5.034362560732032	85504	174.39142661630416	8281.984742172908	8396.87837310519	8159.477613271262	5.033432540347571	8275.879811470746
5.0734017003937595	73216	187.88052364394227	8294.439102437313	8411.448757054492	8174.031863815294	5.07264822662208	8279.223938043066
5.112462926915925	64256	177.6710895339177	8335.389846314873	8476.174079285902	8192.950754701937	5.11186391289659	8312.457852110398
5.15134234162821	61696	206.2081116703587	8376.41777713653	8533.147826116718	8218.748317264908	5.1510795991711	8348.803835514347
5.189642798295941	57600	189.5392298551375	8383.027170317855	8521.55026521741	8241.524956013493	5.190295285445609	8336.970191808658
5.229274351500741	44032	183.24582040407702	8357.830777201982	8462.438555176737	8234.066399796102	5.229510971720119	8312.049881977737
5.266806266322549	36864	206.69274190163227	8438.084101001878	8572.574723466712	8285.096092301272	5.268726657994629	8365.377453094678
5.306465269929672	25088	185.16278077673365	8487.287318017989	8638.556493947515	8364.205058177415	5.307942344269139	8446.015058088187
5.347104943376547	16128	254.77601099860445	8590.620556316058	8759.851476491844	8413.748402177936	5.347158030543649	8525.291002270103
5.38601886982194	17664	323.580567462748	8640.998344939511	8785.987447065834	8413.41360415169	5.3863737168181585	8520.486323726818
5.42372836463178	10496	306.9220563485453	8603.357124956856	8615.10413510672	8440.445928234318	5.425589403092668	8510.066689073326
5.462848715446275	5120	291.951971083837	8635.782255754137	8676.44414094872	8468.466885750513	5.464805089367179	8541.617143479458
5.494429255660742	2304	117.32110571169353	8618.543323269832	8694.686612828255	8546.06760852189	5.504020775641688	8654.94296535
5.538776406008418	1024	348.65286837205434	8993.059521351697	9295.272505400919	8680.234863413498	5.543236461916198	8982.447847462718
nan	0	nan	nan	nan	nan	5.582452148190708	nan
