X Center	Y Std	Y Median	Count	Y Upper Quartile	Y Lower Quartile	Y Mean	X Mean
3.6216678344652173	0.24444175406557309	0.020928109047206416	835	0.15696624153951788	-0.11418769362203277	0.029703162382232282	3.6216343746183575
3.660883520739727	0.24001717270122996	0.005018127147178783	1151	0.13627861023635712	-0.13320293759503588	0.0016292912620338026	3.661261864991683
3.700099207014237	0.24087932558584546	0.0033022106397093635	1324	0.14564635214247937	-0.12773381969425082	0.012835459625027627	3.700082229215488
3.7393148932887468	0.23824857923771095	0.0018586224491494512	1607	0.13829300235847275	-0.12681915853007464	0.005050822255282965	3.7398130621633077
3.778530579563257	0.24010274071060914	0.016436764775900958	2025	0.14178488000438844	-0.12052515112621885	0.016793741191966364	3.7790741367401743
3.8177462658377666	0.23144171661325905	0.006309540897529559	2590	0.1275079389704398	-0.10797915580972953	0.011186487246361088	3.8183841602843196
3.856961952112276	0.2260033943635297	0.016378035071744165	3182	0.12418374563354896	-0.11141930349684426	0.01266742908358594	3.8575120427858502
3.896177638386786	0.22789803419270055	0.007175202156599824	4056	0.12561114262836434	-0.11260350411610895	0.010005863320811636	3.897103144599451
3.9353933246612955	0.2138133908235218	0.0019694410860719765	5159	0.11624600081668726	-0.11257591157699134	0.005176945262198578	3.936099238485762
3.9746090109358057	0.20420126881859688	0.003971987151172276	6770	0.114904721154413	-0.10433551528705881	0.008599789715409516	3.975572470995152
4.013824697210316	0.19496623110146225	0.005985636603754038	8645	0.1100632672107187	-0.09835668364236833	0.007006378253592591	4.014788954874215
4.053040383484825	0.18690720794004992	0.008291027124437165	11269	0.10526041769828168	-0.09131512431711734	0.008330784408755615	4.0539483164617565
4.092256069759335	0.17719564303041477	0.005313634263221644	15131	0.10267680311436879	-0.09050968796357209	0.0064198729082217704	4.093230549526019
4.131471756033845	0.16410895061660857	0.007608773635459586	19715	0.09677631846233029	-0.08408530653717941	0.00686212498638366	4.132294904175612
4.170687442308354	0.15786202287614357	0.005723099603834189	26169	0.09154290266310829	-0.08239691835905652	0.005390498482931199	4.171641426419462
4.209903128582864	0.14936034010243818	0.004704654078531821	34228	0.08714232056341742	-0.07672361834945943	0.006100960904632538	4.21074799961473
4.249118814857374	0.1439247595789073	0.005870415076218351	43502	0.0842684307363316	-0.07384661939786119	0.0063312836217878365	4.249865518551653
4.288334501131884	0.1368745394628276	0.004966695821845526	53647	0.08128666821752503	-0.07131694808646707	0.0062264006610402555	4.288972472321606
4.327550187406394	0.12957295157602827	0.004307576035216225	63866	0.0784106220981895	-0.06829922531261312	0.005894846558910545	4.328044826944266
4.366765873680904	0.12407887303830861	0.004921702587375787	73020	0.0748203181173214	-0.0646769732181945	0.006464818936678518	4.36712601908665
4.405981559955413	0.11839262606206798	0.0036252293792031856	79561	0.07004753835465889	-0.06270850361188843	0.005120027896096524	4.4061882219162305
4.445197246229924	0.11454471618369584	0.003696793938554217	85117	0.06829238213575467	-0.059892686847120576	0.006105415732005551	4.445310839916938
4.4844129325044335	0.1097663764949756	0.003269383636779903	86704	0.06593919539372112	-0.05763583861778517	0.006286096469279489	4.484458825344906
4.523628618778943	0.10645548253084025	0.003172392436535463	87277	0.06389390673260913	-0.05561682196444685	0.006425578523225875	4.523625025351079
4.562844305053453	0.10332530617813515	0.0023560106274835425	85193	0.061576840007114705	-0.05541974155131867	0.005348057898184051	4.562743103245907
4.6020599913279625	0.10157443360861133	0.001434638273458231	81397	0.05984362615126984	-0.0553303564436214	0.004927582100622681	4.6018531281284565
4.641275677602472	0.09969922291195153	0.0014949592882294045	75870	0.05869479386175559	-0.05436348451491767	0.004866064088587137	4.640971080162343
4.680491363876982	0.09625564301607661	0.00220332753239875	68106	0.058649074158523745	-0.052971589888861526	0.005005046220176421	4.6801333265053255
4.7197070501514915	0.0929052720358008	0.00017588003073015895	62252	0.05607293761725331	-0.052034607954324706	0.0038865370694010147	4.719519391134707
4.758922736426001	0.09097520865199397	0.0011823032993981423	60003	0.05470909780982856	-0.051176818750445746	0.004348510063516683	4.758945358188867
4.798138422700512	0.08914046304086078	0.0007617734423945551	61714	0.05330342035613346	-0.050878573353038144	0.0038607687821856466	4.798327349257487
4.837354108975021	0.08667306775909304	-5.0227941067020174e-05	65086	0.05271243966871151	-0.05078447980829304	0.0032543258882774353	4.837526229899713
4.876569795249531	0.08578161544520393	-0.00028588595678802575	68140	0.0514509939473118	-0.05038583189333257	0.0028129961038960488	4.87674970558823
4.915785481524041	0.08572319042119544	-0.0002897515806490063	71550	0.05142955531334225	-0.04993751048302277	0.0029247671985539307	4.915869441336553
4.955001167798551	0.08768678912955365	7.757841178388297e-05	71876	0.052204843518863994	-0.05092990706706533	0.0030404166522961296	4.954946272273477
4.994216854073061	0.08982141396270357	-3.7643541505689524e-05	70720	0.0526905434070245	-0.050958897496434896	0.003521033495023389	4.99420267631897
5.033432540347571	0.0906496852692626	4.333081166920718e-05	72998	0.05354279252810348	-0.050715860130710874	0.004176168867252807	5.033551415433365
5.07264822662208	0.090209023543876	-0.00038109115742624073	72166	0.05254393257883857	-0.050848933702930824	0.0037849676720461667	5.072450120113975
5.11186391289659	0.09029331964591511	-0.0011059932317971713	65957	0.0521220353881784	-0.05115906297876721	0.0034588345016061052	5.111527756682039
5.1510795991711	0.09136986867015598	-7.095002807758658e-05	61012	0.05267551315846005	-0.049935909552819666	0.0044232731376798355	5.150897816090023
5.190295285445609	0.09385780057057876	-0.00038575323831577626	54140	0.05167628501095883	-0.05082913635760743	0.004286602528477931	5.189812624882102
5.229510971720119	0.09827558940659419	-0.0006176946317739402	44895	0.0544059273583812	-0.0519037047988482	0.005451786791184217	5.228881428795171
5.268726657994629	0.10574517718534507	0.00027043517046828507	35786	0.057444558818737904	-0.05285366840392111	0.007352094274284239	5.267697802248057
5.307942344269139	0.11474313302529304	4.284765711660989e-05	24899	0.06121616672805394	-0.05666171219402668	0.008750565582313111	5.306638944746626
5.347158030543649	0.12440107144250682	-0.0013782070035182454	17645	0.0648809470916274	-0.06176815546885895	0.00906426130524719	5.346318159204347
5.3863737168181585	0.1332306727997476	-0.00047282502539046535	14027	0.07263624630297104	-0.06727153228704674	0.01075019812559778	5.385662958424587
5.425589403092668	0.13901470978714825	-0.0003379317033789349	10087	0.07293268003445207	-0.06988617855544414	0.010403512995503317	5.4243445842605995
5.464805089367179	0.1405188739296924	-0.0012934786946518747	5789	0.07451333270671602	-0.07052911683262493	0.01138403902325333	5.4627824411576125
5.504020775641688	0.13209432407026545	-0.0020973012579181645	2652	0.06943604256635547	-0.0666642616406278	0.010812662102554523	5.50072372521384
5.543236461916198	0.13460416508111295	-0.009518292015507902	798	0.07090932027322927	-0.06686752977663142	0.007326572443064529	5.538937676293457
5.582452148190708	0.14138816377471033	-0.008279409720186131	243	0.06786886868789141	-0.07352989052679162	0.012491991732722441	5.580103471795817
