1.0 4.934512193386372
2.0 4.987208916590764
3.0 5.011626371970544
4.0 5.013290772071252
5.0 5.012137009547307
6.0 4.965246549019446
7.0 4.91630691748399
8.0 4.862820625305176
9.0 4.817374046032246
10.0 4.75259333390456
11.0 4.692803034415612
12.0 4.637416307742779
13.0 4.578832424603975
14.0 4.546297036684477
15.0 4.510318499345046
16.0 4.454256699635432
17.0 4.435136281527006
18.0 4.436884091450618
19.0 4.406171303529006
20.0 4.355434381044828
21.0 4.332028499016395
22.0 4.38360570027278
23.0 4.418226883961604
24.0 4.544817649401152
25.0 4.5825078303997335
26.0 4.595130315193763
27.0 4.63795347397144
28.0 4.67543391081003
29.0 4.651479794428899
30.0 4.6569794324728155
31.0 4.624701004761916
32.0 4.518465005434477
33.0 4.452640661826501
34.0 4.438935133127066
35.0 4.362382998833289
36.0 4.343576953961299
37.0 4.311554156816923
38.0 4.284585686830374
39.0 4.265467341129597
40.0 4.286216304852412
41.0 4.278063205572275
42.0 4.278752547044021
43.0 4.317292635257427
44.0 4.341569111897395
45.0 4.343199216402494
46.0 4.38579535484314
47.0 4.389418748708872
48.0 4.404392068202679
49.0 4.41223262823545
50.0 4.370158369724567
51.0 4.346741456251878
52.0 4.302974572548499
53.0 4.275244997097896
54.0 4.237827035096975
55.0 4.195183964876028
56.0 4.20384434553293
57.0 4.199573663564829
58.0 4.209711028979375
59.0 4.221837694828327
60.0 4.232363095650306
61.0 4.201911458602319
62.0 4.188943798725422
63.0 4.1765923133263225
64.0 4.13753709426293
65.0 4.1262296713315525
66.0 4.127581889812763
67.0 4.100578051346999
68.0 4.086821574431199
69.0 4.089934339890113
70.0 4.070036521324744
71.0 4.060924667578477
72.0 4.061515927314758
73.0 4.055485872121958
74.0 4.073439020376939
75.0 4.092299892352178
76.0 4.105339572979854
77.0 4.114665508270264
78.0 4.110487451920142
79.0 4.12126454940209
80.0 4.120784631142249
81.0 4.105599293342004
82.0 4.094141859274644
83.0 4.0662218148891744
84.0 4.037202486625085
85.0 4.02338954118582
86.0 3.9775399703245897
87.0 3.956234931945801
88.0 3.934381264906663
89.0 3.9428723133527317
90.0 3.909884351950425
91.0 3.8991082264826846
92.0 3.8765926085985623
93.0 3.830683029614962
94.0 3.835250038367051
95.0 3.842345118522644
96.0 3.8432643505243154
97.0 3.866177980716412
98.0 3.8892115904734683
99.0 3.8980476764532237
100.0 3.9396208249605618
101.0 3.971761107444763
102.0 3.9794041560246396
103.0 3.975885739693275
104.0 3.9692748418221107
105.0 3.9737144066737247
106.0 3.942533117074233
107.0 3.922765309994037
108.0 3.8929276649768534
109.0 3.8712898584512563
110.0 3.8161380199285655
111.0 3.7917707699995775
112.0 3.7597583624032826
113.0 3.7259701582101674
114.0 3.6889804418270407
115.0 3.6751678723555345
116.0 3.6725118343646708
117.0 3.687604757455679
118.0 3.6962884939633884
119.0 3.7172661011035624
120.0 3.7208439203409047
121.0 3.716182369452256
122.0 3.7143988609313965
123.0 3.7304589564983663
124.0 3.7158998984556932
125.0 3.721666620327876
126.0 3.727397872851445
127.0 3.7134745762898373
128.0 3.7055164025380063
129.0 3.684518282230084
130.0 3.6814650847361636
131.0 3.6758379569420447
132.0 3.673202395439148
133.0 3.6774668051646304
134.0 3.6775282529684215
135.0 3.683914230420039
136.0 3.6922137920673075
137.0 3.675247302422157
138.0 3.654480952482957
139.0 3.639869735791133
140.0 3.612042096944956
141.0 3.5722743089382467
142.0 3.531106783793523
143.0 3.488094815841088
144.0 3.468189844718346
145.0 3.487460897519038
146.0 3.4921227601858287
147.0 3.456223203585698
148.0 3.44282760986915
149.0 3.408582357259897
150.0 3.342222672242385
151.0 3.3190636176329393
152.0 3.2801397488667416
153.0 3.2314513554939857
154.0 3.17589127100431
155.0 3.1324771642684937
156.0 3.059188200877263
157.0 2.9956098244740414
158.0 2.965685560153081
159.0 2.9811358818641076
160.0 2.941569071549636
161.0 2.9484592859561625
162.0 2.9452933623240543
163.0 2.932100616968595
164.0 2.922250665151156
165.0 2.9186231906597433
166.0 2.9438215035658617
167.0 2.9832157263389
168.0 2.998057933954092
169.0 2.9852004051208496
170.0 2.982946414213914
171.0 2.975612236903264
172.0 2.95723727116218
173.0 2.94723026569073
174.0 2.9775806848819437
175.0 3.008830024645879
176.0 3.0009604600759654
177.0 3.0132693235690775
178.0 2.984631813489474
179.0 2.9278953625605655
180.0 2.879410376915565
181.0 2.8347795651509213
182.0 2.809244861969581
183.0 2.7656363340524526
184.0 2.73502293916849
185.0 2.6914755747868466
186.0 2.651704503939702
187.0 2.6335313686957726
188.0 2.6035496454972487
189.0 2.5740310228787937
190.0 2.534604916205773
191.0 2.5318431854248047
192.0 2.508729632084186
193.0 2.5112204368297872
194.0 2.5335087317686815
195.0 2.534311505464407
196.0 2.5083366265663734
197.0 2.521335400067843
198.0 2.535468339920044
199.0 2.519682233150189
200.0 2.4817297825446496
201.0 2.4510341515907874
202.0 2.417260839388921
203.0 2.42064840060014
204.0 2.402251252761254
205.0 2.3871331490003147
206.0 2.387299996155959
207.0 2.3884350061416626
208.0 2.402030110359192
209.0 2.386657238006592
210.0 2.3956102316196146
211.0 2.3864348576619077
212.0 2.3816763254312368
213.0 2.400707144003648
214.0 2.4098936777848463
215.0 2.4268493285545936
216.0 2.4362725569651675
217.0 2.417607142375066
218.0 2.411267959154569
219.0 2.397423945940458
220.0 2.382168274659377
221.0 2.3768748870262733
222.0 2.3590554090646596
223.0 2.337776229931758
224.0 2.3292312713769765
225.0 2.316787994824923
226.0 2.322563593204205
227.0 2.310463630236112
228.0 2.3033607739668627
229.0 2.2850629274661722
230.0 2.278133043876061
231.0 2.2484191197615404
232.0 2.2037838055537295
233.0 2.1783530987226047
234.0 2.132796580974872
235.0 2.128646052800692
236.0 2.0911757120719323
237.0 2.0852702856063843
238.0 2.0420741576414843
239.0 2.0463737478623023
240.0 2.0616314732111416
241.0 2.0643953405893765
242.0 2.034090335552509
243.0 2.0257476568222046
244.0 1.9936345311311574
245.0 1.9504873935992901
246.0 1.9170581148220942
247.0 1.8740370136040907
248.0 1.8556429193570063
249.0 1.8284029914782598
250.0 1.8307726979255676
251.0 1.8347878410265996
252.0 1.8655992425405061
253.0 1.9168549317580004
254.0 1.9484695562949548
255.0 2.0038582178262563
256.0 2.0512857116185703
257.0 2.0929169975794277
258.0 2.1259373334737925
259.0 2.1603110295075636
260.0 2.1618027962171116
261.0 2.139093490747305
262.0 2.129472989302415
263.0 2.118880271911621
264.0 2.0911990083180942
265.0 2.105131277671227
266.0 2.0861369233865004
267.0 2.0865392134739804
268.0 2.0653834480505724
269.0 2.0564183042599606
270.0 2.0567087897887597
271.0 2.0401737552422743
272.0 2.039671609034905
273.0 2.0438265250279355
274.0 2.0308922804318943
275.0 2.034582160986387
276.0 2.023895956002749
277.0 2.0194133474276614
278.0 2.0163970452088575
279.0 2.018149339235746
280.0 1.9995044286434467
281.0 1.9948435655006995
282.0 1.9844034956051753
283.0 1.9787505314900324
284.0 1.9610490798950195
285.0 1.9390954283567576
286.0 1.9284637707930345
287.0 1.9163940365497882
288.0 1.910279278571789
289.0 1.912170566045321
290.0 1.898527443408966
291.0 1.9042682968653166
292.0 1.8962340079821074
293.0 1.900913188090691
294.0 1.888850280871758
295.0 1.8896127113929162
296.0 1.8789944923841035
297.0 1.8584612699655385
298.0 1.8313881709025457
299.0 1.8199428090682397
300.0 1.8053802756162791
301.0 1.7939161153940053
302.0 1.7962003212708693
303.0 1.7926183297083929
304.0 1.767534540249751
305.0 1.7535835183583772
306.0 1.75019378387011
307.0 1.746527176636916
308.0 1.7210838290361257
309.0 1.7142403034063487
310.0 1.7030304211836595
311.0 1.700669554563669
312.0 1.6776561370262733
313.0 1.6663533770121062
314.0 1.655392701809223
315.0 1.6416754905994122
316.0 1.6297329251582806
317.0 1.6269537393863385
318.0 1.6226536402335534
319.0 1.6083742930338933
320.0 1.6146970116175139
321.0 1.5916342185093806
322.0 1.5697499513626099
323.0 1.575383103810824
324.0 1.5554407147260814
325.0 1.5542009060199444
326.0 1.5405197647901683
327.0 1.5140573107279265
328.0 1.5066269452755268
329.0 1.4808280972334056
330.0 1.4805909486917348
331.0 1.4543286241017854
332.0 1.4580503151966975
333.0 1.4242830505737891
334.0 1.4171625192348773
335.0 1.4170899987220764
336.0 1.4140839301622832
337.0 1.4083969226250281
338.0 1.39561370244393
339.0 1.4039047773067768
340.0 1.3973882656831007
341.0 1.397506099480849
342.0 1.3998369253598726
343.0 1.4035062789916992
344.0 1.4056202860978932
345.0 1.4164825952970064
346.0 1.4128846296897302
347.0 1.4116516159130976
348.0 1.4066633123617907
349.0 1.4104680235569294
350.0 1.421753887946789
351.0 1.4080091714859009
352.0 1.3958624647213862
353.0 1.401307734159323
354.0 1.3912669466092036
355.0 1.380019105397738
356.0 1.3852260021062999
357.0 1.3842486188961909
358.0 1.3685816939060504
359.0 1.3929268488517175
360.0 1.3980840582114
361.0 1.4013008246055016
362.0 1.400254446726579
363.0 1.4024054087125337
364.0 1.3910804757705102
365.0 1.3788740772467394
366.0 1.3606014847755432
367.0 1.3568948048811693
368.0 1.349192426754878
369.0 1.3328273754853468
370.0 1.3308903162296002
371.0 1.3141443866949816
372.0 1.317015867966872
373.0 1.2991102521236126
374.0 1.2998837920335622
375.0 1.290227060317993
376.0 1.2786466020804186
377.0 1.2913789703295782
378.0 1.2768279680838952
379.0 1.2850270317150996
380.0 1.2689219621511607
381.0 1.2567806564844572
382.0 1.2598561827953045
383.0 1.2629286784392137
384.0 1.2555766380750215
385.0 1.240361057795011
386.0 1.2452958501302278
387.0 1.2490029059923613
388.0 1.2581740526052623
389.0 1.2440544275137095
390.0 1.235195673429049
391.0 1.2327960087702825
392.0 1.2501801114815931
393.0 1.2491807754223163
394.0 1.244790975864117
395.0 1.2573264424617474
396.0 1.2449684418164766
397.0 1.2551212723438556
398.0 1.2580841458760774
399.0 1.2736375102630029
400.0 1.2643559712630053
401.0 1.280851396230551
402.0 1.2882030101922841
403.0 1.2850440236238332
404.0 1.2957194768465483
405.0 1.2964117022661061
406.0 1.2904960971612196
407.0 1.2983027696609497
408.0 1.2953846225371728
409.0 1.303283086189857
410.0 1.2899904755445628
411.0 1.2886351255270152
412.0 1.2723125769541814
413.0 1.2647905670679533
414.0 1.2710211277008057
415.0 1.2746338752599864
416.0 1.2632556007458613
417.0 1.2360692161780138
418.0 1.2386643382219167
419.0 1.224295831643618
420.0 1.2147281307440538
421.0 1.2204248079886804
422.0 1.2169946615512555
423.0 1.220729594047253
424.0 1.2109303245177636
425.0 1.2164181516720698
426.0 1.195973052428319
427.0 1.21450890486057
428.0 1.21813015295909
429.0 1.2069136867156396
430.0 1.1945205193299513
431.0 1.1723091418926532
432.0 1.1757100224494934
433.0 1.1668915244249196
434.0 1.1612941714433522
435.0 1.1584322085747352
436.0 1.1662517694326549
437.0 1.1646601053384633
438.0 1.1865131534062898
439.0 1.1743831772070665
440.0 1.1755132170823903
441.0 1.1786160514904902
442.0 1.1657763352760901
443.0 1.1678209396509023
444.0 1.1723402050825267
445.0 1.1713330012101393
446.0 1.1533736494871287
447.0 1.1466843738005712
448.0 1.1418010133963366
449.0 1.1362602068827703
450.0 1.1388352742561927
451.0 1.1201576544688299
452.0 1.1239527188814604
453.0 1.1108386608270497
454.0 1.0979610177186818
455.0 1.0659615672551668
456.0 1.065139387662594
457.0 1.0368012189865112
458.0 1.0133705643507152
459.0 1.0015985071659088
460.0 0.9905447432628045
461.0 0.9728158620687631
462.0 0.9701653971121862
463.0 0.9619436516211584
464.0 0.9391436737317306
465.0 0.9413739098952367
466.0 0.9338547747868758
467.0 0.9265479376682868
468.0 0.9151773177660428
469.0 0.89698087481352
470.0 0.9022668875180758
471.0 0.8919660288553971
472.0 0.8935255477061639
473.0 0.8780891299247742
474.0 0.8793449218456562
475.0 0.8753881981739631
476.0 0.8711808644808255
477.0 0.8601599954641782
478.0 0.8509542346000671
479.0 0.8386392570458926
480.0 0.8185932131913992
481.0 0.80865645637879
482.0 0.8003904108817761
483.0 0.8013443648815155
484.0 0.7916800196354206
485.0 0.7877072623142829
486.0 0.7663064507337717
487.0 0.7763840326896081
488.0 0.7625321608323318
489.0 0.7634633848300347
490.0 0.7580475990588849
491.0 0.7583518142883594
492.0 0.7562718230944413
493.0 0.7518333380038922
494.0 0.7397271005006937
495.0 0.7355234508331006
496.0 0.7194302586408762
497.0 0.7172636573131268
498.0 0.7028004229068756
499.0 0.7042932670850021
500.0 0.6903303494820228
501.0 0.6819366124960092
502.0 0.6892622755124018
503.0 0.6710456197078412
504.0 0.6650839677223792
505.0 0.6608191545193012
506.0 0.6688282100053934
507.0 0.6619837834284856
508.0 0.6593142243532034
509.0 0.6549375286469092
510.0 0.6578376912153684
511.0 0.6631085586089355
512.0 0.665087498151339
513.0 0.6704505200569446
514.0 0.677562245955834
515.0 0.6903588932294112
516.0 0.6912953716057998
517.0 0.6778303843278152
518.0 0.6930850239900442
519.0 0.6924292330558484
520.0 0.6904009213814368
521.0 0.687059088395192
522.0 0.6897254586219788
523.0 0.6814425977376791
524.0 0.6677599342969748
525.0 0.6837483804959518
526.0 0.6796063849559197
527.0 0.663551193017226
528.0 0.6781063721730158
529.0 0.6631044997618749
530.0 0.6562011058513935
531.0 0.676368209031912
532.0 0.6617744977657611
533.0 0.6541579686678373
534.0 0.6645748684039483
535.0 0.660235929947633
536.0 0.6573932721064641
537.0 0.6758310703130869
538.0 0.6853378506807181
539.0 0.6944119311296023
540.0 0.6863223199660962
541.0 0.6926445823449355
542.0 0.6926943201285142
543.0 0.7036480903625488
544.0 0.7045955635034121
545.0 0.7094409626263839
546.0 0.7101079982060653
547.0 0.7044086502148554
548.0 0.7118647075616397
549.0 0.7168011527795058
550.0 0.7062994493887975
551.0 0.7079445009048169
552.0 0.7137554998581226
553.0 0.7217989265918732
554.0 0.7164157010041751
555.0 0.7110102887337024
556.0 0.7134656951977656
557.0 0.7110202748041886
558.0 0.7173855465192062
559.0 0.7157350182533264
560.0 0.7101204097270966
561.0 0.708174508351546
562.0 0.7151814905496744
563.0 0.7088840030706846
564.0 0.7051931894742526
565.0 0.7081718238500448
566.0 0.7179132058070257
567.0 0.7173932538582728
568.0 0.7036763750589811
569.0 0.7110225443656628
570.0 0.72368323802948
571.0 0.7256912910021268
572.0 0.7201046691491053
573.0 0.7289284880344684
574.0 0.722537093437635
575.0 0.7288067295001104
576.0 0.7342515748280746
577.0 0.7280649565733396
578.0 0.7334321393416479
579.0 0.7234433064093957
580.0 0.7259858892514155
581.0 0.7157063048619491
582.0 0.7178827019838186
583.0 0.7188810545664567
584.0 0.7197171495510981
585.0 0.7205445720599248
586.0 0.7179867327213287
587.0 0.7213184397954208
588.0 0.7104435975735004
589.0 0.7046446548058436
590.0 0.7122611839037675
591.0 0.7292553759538211
592.0 0.7260642647743225
593.0 0.7294939091572394
594.0 0.7362327804932227
595.0 0.7518731263967661
596.0 0.7466813807304089
597.0 0.7466493822061099
598.0 0.7408854777996356
599.0 0.7382630407810211
600.0 0.7450197980954096
601.0 0.7425197110726283
602.0 0.7366172189895923
603.0 0.7503354984980363
604.0 0.7478681481801547
605.0 0.738995930323234
606.0 0.728466116465055
607.0 0.7295600313406724
608.0 0.7296694608835074
609.0 0.728974291911492
610.0 0.7267285677102896
611.0 0.7334761413244101
612.0 0.7322727350088266
613.0 0.7351054916015038
614.0 0.739229128910945
615.0 0.7424496824924762
616.0 0.7306021406100347
617.0 0.7326563390401694
618.0 0.7398818914706891
619.0 0.7509659643356617
620.0 0.7410322290200454
621.0 0.7395129708143381
622.0 0.7396194132474753
623.0 0.7385930900390332
624.0 0.7230083919488467
625.0 0.7330515063725985
626.0 0.7155693379732279
627.0 0.705501343195255
628.0 0.7083220321398515
629.0 0.7086399679000561
630.0 0.7142998920037196
631.0 0.7059606382480035
632.0 0.7185797530871171
633.0 0.7183427283397088
634.0 0.7231145982558911
635.0 0.7335855823296767
636.0 0.7219026409662687
637.0 0.7266574822939359
638.0 0.7333111602526444
639.0 0.7426619942371662
640.0 0.7430976514632885
641.0 0.7569629412430984
642.0 0.7639467395268954
643.0 0.7777499625316033
644.0 0.7798189887633691
645.0 0.7758023991034582
646.0 0.7719078018115118
647.0 0.772859690281061
648.0 0.763438513645759
649.0 0.7605626468475049
650.0 0.7602162384069883
651.0 0.770396853868778
652.0 0.7696627814036149
653.0 0.7671587008696336
654.0 0.7805884320002335
655.0 0.7785180233992063
656.0 0.7809534141650567
657.0 0.7856320509543786
658.0 0.7802693522893466
659.0 0.7925319075584412
660.0 0.7866809574457315
661.0 0.7843898213826693
662.0 0.7902085964496319
663.0 0.7932182367031391
664.0 0.793588590163451
665.0 0.7919488044885489
666.0 0.7979972522992355
667.0 0.7943905110542591
668.0 0.80078652042609
669.0 0.8107362045691564
670.0 0.80583256483078
671.0 0.80128613114357
672.0 0.8103246092796326
673.0 0.7982231997526609
674.0 0.7935694433175601
675.0 0.8018692342134622
676.0 0.7933948017083682
677.0 0.7965823778739343
678.0 0.7996835135496579
679.0 0.7943920745299413
680.0 0.794523693048037
681.0 0.7884355439589574
682.0 0.7911381331773905
683.0 0.7892004091006058
684.0 0.7887705564498901
685.0 0.7861771170909588
686.0 0.7725617656340966
687.0 0.7715123937680171
688.0 0.7732451581037961
689.0 0.7861344218254089
690.0 0.7823619796679571
691.0 0.7923335685179784
692.0 0.7836461892494788
693.0 0.7956095085694239
694.0 0.8007342379826766
695.0 0.8075854755364932
696.0 0.8193199772101182
697.0 0.8169751534095178
698.0 0.8193943569293389
699.0 0.817503388111408
700.0 0.8078546134325174
701.0 0.822807632959806
702.0 0.8162074983119965
703.0 0.8094470730194678
704.0 0.8133624150202825
705.0 0.8150395980248084
706.0 0.815867889385957
707.0 0.8093394637107849
708.0 0.8012517942832067
709.0 0.8027170804830698
710.0 0.8031726731703832
711.0 0.8068638741970062
712.0 0.8005479390804584
713.0 0.8097352225046891
714.0 0.8055492410292993
715.0 0.7980041595605704
716.0 0.797480970621109
717.0 0.79626081769283
718.0 0.7853384247192969
719.0 0.7866929929990035
720.0 0.7964396545520196
721.0 0.7890383440714616
722.0 0.7893513555710132
723.0 0.7915081840295058
724.0 0.7993072661069723
725.0 0.7989521301709689
726.0 0.7906716167926788
727.0 0.7934454885812906
728.0 0.7948018679252038
729.0 0.7971937931500949
730.0 0.8053327936392564
731.0 0.8143110412817735
732.0 0.8154626351136428
733.0 0.8308611466334417
734.0 0.8405241324351385
735.0 0.8438055973786575
736.0 0.8422892735554621
737.0 0.8445635277491349
738.0 0.8448521930437821
739.0 0.8424058625331292
740.0 0.8465416752375089
741.0 0.8666174022051004
742.0 0.8533151677021613
743.0 0.8506830999484429
744.0 0.8510241577258477
745.0 0.8485685541079595
746.0 0.8524686396121979
747.0 0.8549472873027508
748.0 0.8618794221144456
749.0 0.871050435763139
750.0 0.8740306244446681
751.0 0.8749353725176591
752.0 0.8818638553986182
753.0 0.8765500210798703
754.0 0.8617090491148142
755.0 0.8631436435075907
756.0 0.8696968142802899
757.0 0.8719495557821714
758.0 0.872131884098053
759.0 0.873025852900285
760.0 0.8749390175709357
761.0 0.8848075178953317
762.0 0.898939277117069
763.0 0.8914772455508893
764.0 0.9031586578259101
765.0 0.902839197562291
766.0 0.8955594668021569
767.0 0.904492220053306
768.0 0.9074170062175164
769.0 0.9020559466802157
770.0 0.9099193628017719
771.0 0.8972218311749972
772.0 0.9071624943843255
773.0 0.9242885456635401
774.0 0.9068511449373685
775.0 0.9162582342441266
776.0 0.9086916400836065
777.0 0.9389203763925112
778.0 0.9278331513588245
779.0 0.9237668399627392
780.0 0.9411979294740237
781.0 0.9426332437075101
782.0 0.925084861425253
783.0 0.9366772633332473
784.0 0.9319475086835715
785.0 0.9196951320538154
786.0 0.9288080495137435
787.0 0.9216543779923365
788.0 0.9263334365991446
789.0 0.9116232074224032
790.0 0.9059628156515268
791.0 0.8974998685029837
792.0 0.8946175896204435
793.0 0.9059946651642139
794.0 0.9022196714694684
795.0 0.8827318801329687
796.0 0.8725258295352643
797.0 0.8662089522068317
798.0 0.8524750333565932
799.0 0.8566107543615195
800.0 0.843361150759917
801.0 0.8419810006251702
802.0 0.8471155716822698
803.0 0.8388201158780318
804.0 0.8523276700423315
805.0 0.8490462853358343
806.0 0.8516976214372195
807.0 0.8478314326359675
808.0 0.8468550053926615
809.0 0.8474668470712808
810.0 0.8540172416430253
811.0 0.8623704360081599
812.0 0.8670947803900793
813.0 0.8754076705529139
814.0 0.875005650978822
815.0 0.8752079147558945
816.0 0.868496489066344
817.0 0.8612076319181002
818.0 0.8696377850495852
819.0 0.8619952270617852
820.0 0.8459514815073746
821.0 0.8524815210929284
