Y Median	X Center	Y Std	X Mean	Count	Y Lower Quartile	Y Upper Quartile	Y Mean
nan	3.6216678344652173	nan	nan	0	nan	nan	nan
nan	3.660883520739727	nan	nan	0	nan	nan	nan
nan	3.700099207014237	nan	nan	0	nan	nan	nan
nan	3.7393148932887468	nan	nan	0	nan	nan	nan
0.1328701358681623	3.778530579563257	0.044446477978426206	3.7716814311965186	8192	0.0884236578897361	0.1773166138465885	0.1328701358681623
0.11649313145719133	3.8177462658377666	0.3545408825280141	3.8127920841952765	8192	-0.23804775107082274	0.4710340139852054	0.11649313145719133
-0.034984724632253876	3.856961952112276	0.08122342078045262	3.860896966564868	12288	-0.04084207745798008	0.1343128075822557	0.019495335164007248
0.1909360844569692	3.896177638386786	0.2563357213393513	3.8943382302239917	12288	-0.13056889478363543	0.4972616615430461	0.18587628373879328
-0.7975337435186591	3.9353933246612955	2.220446049250313e-16	3.9396408642043004	4096	-0.7975337435186591	-0.7975337435186591	-0.7975337435186594
0.020609109450046268	3.9746090109358057	0.28698926339694886	3.967409274561704	20480	-0.09832656361862213	0.06890650240532502	-0.08335899736629888
0.10609278155978277	4.013824697210316	0.20491016837302406	4.012214191903891	24576	-0.08500114102715986	0.24748938797209385	0.10295274489331326
0.010914709826662011	4.053040383484825	0.15854586558241288	4.058452324588236	16384	-0.13792740976209847	0.1579689915564442	0.009126871967683706
0.152062586037089	4.092256069759335	0.17180253649914526	4.088496684837665	16384	0.09222446866019038	0.2399285083956767	0.1800903910187781
-0.0714416981809838	4.131471756033845	0.21814227831694907	4.13594959886009	28672	-0.4006957967637019	0.006554670420962185	-0.16130652594685532
-0.0625178067122929	4.170687442308354	0.1704284268360512	4.17228674157397	32768	-0.17480638262896891	0.0010658474017056756	-0.11627661100992281
0.0038739806322300417	4.209903128582864	0.07228100265666701	4.210445591487496	77824	-0.04715248391377041	0.0478268546981115	-0.0013918350125254125
0.02055048130639118	4.249118814857374	0.06776809950551334	4.250811761112195	110592	-0.049704463405211265	0.05088207008683774	-0.0005316317400318953
-0.019200644844811005	4.288334501131884	0.06079870879763676	4.288011305606732	118784	-0.04945164698606595	0.039819744687596595	-0.0051050629367657896
-0.01251803914550025	4.327550187406394	0.06735879629422757	4.330197507807678	110592	-0.06615418889588569	0.027087853587319848	-0.010708913886613861
-0.00618259069182644	4.366765873680904	0.08480538372315698	4.362802968113917	110592	-0.03764018446525479	0.046640000335338855	-0.015574972073903117
0.006805310905764688	4.405981559955413	0.04494467125724388	4.405949326746804	126976	-0.01794585496012681	0.012699505399976578	-0.0021949892407491546
-0.004112363808758797	4.445197246229924	0.054536860613592114	4.445824861152416	122880	-0.04326339910812439	0.020609542455865437	-0.00944633100317181
0.009003983243913041	4.4844129325044335	0.029071468295279915	4.4810337870152	114688	-0.009208130680796437	0.022779069545943543	0.007849624361375585
-0.007096402722362777	4.523628618778943	0.04685524594989199	4.526265019405954	114688	-0.028417020105884774	0.015951695401807187	-0.010551362813877497
-0.0011793002541413769	4.562844305053453	0.029335702984384444	4.563328973429877	106496	-0.02088719647989025	0.018005398861011827	-0.00033109505757629963
0.0029344766067577813	4.6020599913279625	0.03167720277048233	4.605679350344531	98304	-0.021121382487103615	0.02373187570574628	0.007068980776443536
-0.004010286553691927	4.641275677602472	0.024554165502622394	4.64382680350684	94208	-0.012689181462832674	0.008919000783261126	-0.0025337225613025947
-0.002288766421235909	4.680491363876982	0.0203225437195572	4.6848400784885635	102400	-0.013858824095171956	0.005945956337256154	-0.003746702674465034
0.008790277353592602	4.7197070501514915	0.024356761383856073	4.718258713357473	40960	-0.0073816199399506085	0.028777074231666862	0.0049995025749128025
-0.0011057098710263403	4.758922736426001	0.014660033148736987	4.759617370201235	53248	-0.014584539865223298	0.008954011986167281	-0.003516907901634442
-0.005063462130847668	4.798138422700512	0.017148395340881476	4.796736781060317	45056	-0.008866784461770014	0.00975940985901016	-0.0009870769944261956
0.0014590824565958412	4.837354108975021	0.012121799798913813	4.837596343179021	81920	-0.008753285603960943	0.009257479538119855	0.00017741217744696985
0.006193521196511205	4.876569795249531	0.011440501965572478	4.878219345272268	98304	-0.004544585925805919	0.014822392559721106	0.005034555193635264
0.00665259849310963	4.915785481524041	0.008272923036111008	4.915505257798594	61440	-0.0014063816746028635	0.012835802796864948	0.005704367952620439
-0.0030151432241152156	4.955001167798551	0.012614286943192112	4.951533765310425	69632	-0.008528797939551382	0.008599899953110456	-0.0013274531770974488
0.0004131272241885353	4.994216854073061	0.012495852477473313	4.993080353011474	57344	-0.011127485520091344	0.010406981426448282	-0.00034519318801708886
0.0011937847563250116	5.033432540347571	0.008705576109030748	5.035998173332185	90112	-0.0038629646784658503	0.007187720586402198	0.0011204656006243887
-0.003971360311175513	5.07264822662208	0.010946005862932264	5.067270630096113	69632	-0.009951738273485077	0.0014066967133792613	-0.004867173115398056
-6.37844544506766e-05	5.11186391289659	0.007806874180349299	5.111592206785899	81920	-0.004140313984871357	0.00245594219246084	-0.0010324416543136873
0.0014246565392410796	5.1510795991711	0.008834710569362782	5.153301620832534	73728	-0.00887237834153827	0.0036400236266959946	-0.0013801508768645507
0.00014679928481503774	5.190295285445609	0.005466471239323506	5.19377654910283	49152	-0.004249021506028026	0.004048674565163179	0.0004526667335953789
0.0028821210266563027	5.229510971720119	0.007411237430639503	5.233187009481002	77824	-0.0012482493215264974	0.009446969763424696	0.002703694531090397
-0.0020786769394662346	5.268726657994629	0.0018846896873602895	5.2688057517591185	12288	-0.005953694125103028	-0.0018430702942784528	-0.003291813786282571
-0.00046867814596839594	5.307942344269139	0.001512404225523492	5.316256314380461	12288	-0.0036385934136320425	-0.00039325108549272326	-0.0015001742150310535
-0.004704253074202268	5.347158030543649	0.0016553539502896137	5.354901308619083	20480	-0.004825909830994888	-0.0033450875411622553	-0.004126551930753844
-0.0035987371747430285	5.3863737168181585	0.00268830698091428	5.385669332390444	16384	-0.004744292246904013	-0.0017104093938725747	-0.0028559644660335593
0.0010224325563505739	5.425589403092668	0.0027168182699626947	5.421078692343271	12288	-0.004056797405828703	0.0022065286338004042	-0.00027594540522590886
0.01330694291406598	5.464805089367179	0.0	5.4531428171672705	4096	0.01330694291406598	0.01330694291406598	0.01330694291406598
nan	5.504020775641688	nan	nan	0	nan	nan	nan
nan	5.543236461916198	nan	nan	0	nan	nan	nan
nan	5.582452148190708	nan	nan	0	nan	nan	nan
