X Mean	X Center	Y Mean	Y Lower Quartile	Y Upper Quartile	Count	Y Std	Y Median
nan	3.6216678344652173	nan	nan	nan	0	nan	nan
nan	3.660883520739727	nan	nan	nan	0	nan	nan
nan	3.700099207014237	nan	nan	nan	0	nan	nan
nan	3.7393148932887468	nan	nan	nan	0	nan	nan
nan	3.778530579563257	nan	nan	nan	0	nan	nan
nan	3.8177462658377666	nan	nan	nan	0	nan	nan
nan	3.856961952112276	nan	nan	nan	0	nan	nan
nan	3.896177638386786	nan	nan	nan	0	nan	nan
nan	3.9353933246612955	nan	nan	nan	0	nan	nan
nan	3.9746090109358057	nan	nan	nan	0	nan	nan
nan	4.013824697210316	nan	nan	nan	0	nan	nan
nan	4.053040383484825	nan	nan	nan	0	nan	nan
nan	4.092256069759335	nan	nan	nan	0	nan	nan
nan	4.131471756033845	nan	nan	nan	0	nan	nan
nan	4.170687442308354	nan	nan	nan	0	nan	nan
nan	4.209903128582864	nan	nan	nan	0	nan	nan
nan	4.249118814857374	nan	nan	nan	0	nan	nan
nan	4.288334501131884	nan	nan	nan	0	nan	nan
nan	4.327550187406394	nan	nan	nan	0	nan	nan
nan	4.366765873680904	nan	nan	nan	0	nan	nan
nan	4.405981559955413	nan	nan	nan	0	nan	nan
nan	4.445197246229924	nan	nan	nan	0	nan	nan
nan	4.4844129325044335	nan	nan	nan	0	nan	nan
nan	4.523628618778943	nan	nan	nan	0	nan	nan
nan	4.562844305053453	nan	nan	nan	0	nan	nan
nan	4.6020599913279625	nan	nan	nan	0	nan	nan
nan	4.641275677602472	nan	nan	nan	0	nan	nan
nan	4.680491363876982	nan	nan	nan	0	nan	nan
4.728309327052645	4.7197070501514915	-0.0009723018713411969	-0.0009723018713411966	-0.0009723018713411966	443	2.168404344971009e-19	-0.0009723018713411966
nan	4.758922736426001	nan	nan	nan	0	nan	nan
4.811638842395016	4.798138422700512	-0.0010306564701738961	-0.0010306564701738964	-0.0010306564701738964	3858	2.168404344971009e-19	-0.0010306564701738964
4.844414050007951	4.837354108975021	0.0006648189460523046	0.0006729685202407088	0.0006729685202407088	2392	9.107663707019805e-05	0.0006729685202407088
4.8716099083978746	4.876569795249531	-0.0016869858701059213	-0.0018490729330445143	-0.0018490729330445143	1805	0.0005127205439217805	-0.0018490729330445143
4.907995510337523	4.915785481524041	-0.00015953321122584246	-0.0011430120237116825	0.000807618316287088	8124	0.0009752810034919593	0.000807618316287088
4.952858054468956	4.955001167798551	0.0006192969650515448	0.0006192969650515448	0.0006192969650515448	1416	0.0	0.0006192969650515448
4.989181456339638	4.994216854073061	-0.0009321870686472451	-0.0017681372919677576	-0.0013018777868607809	9801	0.0011297042553413297	-0.0013018777868607809
5.050457781453517	5.033432540347571	-0.0008234285656257421	-0.001121105493547608	-0.001121105493547608	3170	0.0006712237156080585	-0.001121105493547608
5.060696484089316	5.07264822662208	-0.00015860905627200698	-0.0012218559371000059	0.0004598467682321405	3739	0.0007803670940125518	0.0004598467682321405
5.110636858128058	5.11186391289659	-0.00023997928867406387	-0.0002368562588301817	-0.0002368562588301817	1076	5.1126201978521864e-05	-0.0002368562588301817
5.146016734838447	5.1510795991711	-0.00014069294643248023	-0.0023198096564480807	0.002213073999833618	11457	0.0018436005507822468	-0.0005053217811541283
5.192595863772588	5.190295285445609	0.0009627051008690711	0.0009627051008690711	0.0009627051008690711	1662	0.0	0.0009627051008690711
5.243221718033893	5.229510971720119	0.001970607167975882	0.0019706071679758816	0.0019706071679758816	2633	4.336808689942018e-19	0.0019706071679758816
5.261113268413105	5.268726657994629	-0.000504498691828994	-0.0005044986918289939	-0.0005044986918289939	318	1.0842021724855044e-19	-0.0005044986918289939
nan	5.307942344269139	nan	nan	nan	0	nan	nan
5.355398759431401	5.347158030543649	0.0007489366090482611	0.0006681159385575093	0.0006681159385575093	4031	0.0002952466121594879	0.0006681159385575093
5.382851688320783	5.3863737168181585	-0.0009431873614080377	-0.0009431873614080376	-0.0009431873614080376	1140	1.0842021724855044e-19	-0.0009431873614080376
nan	5.425589403092668	nan	nan	nan	0	nan	nan
nan	5.464805089367179	nan	nan	nan	0	nan	nan
nan	5.504020775641688	nan	nan	nan	0	nan	nan
nan	5.543236461916198	nan	nan	nan	0	nan	nan
nan	5.582452148190708	nan	nan	nan	0	nan	nan
